2 42
4 12
5 85
5 17
5 86
5 21
5 71
5 109
5 37
5 87
5 103
5 83
5 113
5 29
5 68
5 100
5 9
5 46
5 114
5 45
5 95
5 14
5 127
5 29
5 22
5 23
5 4
5 12
5 47
5 33
5 39
5 18
5 33
5 33
5 65
5 115
5 56
5 103
5 46
5 12
5 56
5 57
5 47
5 59
5 104
5 110
5 81
5 19
5 20
5 87
5 74
5 99
5 27
5 97
5 55
5 61
5 100
5 62
5 44
5 45
5 61
5 89
5 35
5 24
6 52
6 30
6 104
6 16
6 16
6 35
6 61
6 29
6 72
6 61
6 51
6 49
6 123
6 2
6 55
6 8
6 110
6 32
6 40
6 54
6 64
6 108
6 113
6 32
6 103
6 45
6 124
6 85
6 122
6 85
6 70
6 27
6 22
6 62
6 3
6 124
6 99
6 98
6 71
6 66
6 75
6 54
6 18
6 95
6 121
6 80
6 62
6 62
6 89
6 74
6 33
6 61
6 26
6 75
6 84
6 52
6 124
6 51
7 34
7 50
7 40
7 38
7 90
7 65
7 43
7 26
7 119
7 95
7 34
7 125
7 104
7 58
7 55
7 79
7 62
7 75
7 23
7 102
7 11
7 54
7 17
7 35
7 97
7 112
7 25
7 88
7 14
7 75
7 124
7 121
7 51
7 4
7 73
7 18
7 29
7 96
7 18
7 59
7 34
7 81
7 94
7 79
7 51
7 15
7 91
7 44
7 81
7 96
7 67
7 25
7 94
7 85
7 54
7 21
7 84
7 98
7 74
7 60
7 80
8 124
8 52
8 107
8 88
8 86
8 30
8 81
8 89
8 81
8 50
8 58
8 31
8 35
8 66
8 11
8 87
8 114
8 76
8 107
8 14
8 49
8 24
8 62
8 54
8 26
8 22
8 51
8 18
8 14
8 47
8 42
8 47
8 84
8 53
8 16
8 120
8 122
8 41
8 64
8 124
8 25
8 125
8 78
8 107
8 29
8 113
8 57
8 16
8 103
8 62
8 86
8 107
8 117
8 52
8 89
8 56
8 92
8 4
8 107
9 64
9 39
9 86
9 7
9 47
9 18
9 104
9 37
9 13
9 80
9 62
9 109
9 13
9 50
9 17
9 121
9 6
9 52
9 113
9 99
9 71
9 21
9 27
9 55
9 104
9 124
9 27
9 101
9 19
9 27
9 87
9 37
9 61
9 101
9 35
9 59
9 104
9 49
9 107
9 118
9 27
9 40
9 120
9 108
9 98
9 4
9 40
9 47
9 59
9 26
9 89
9 87
9 44
9 80
9 27
9 41
9 50
9 59
9 7
9 85
9 60
9 66
9 126
9 49
9 114
10 126
10 57
10 103
10 22
10 55
10 21
10 8
10 24
10 52
10 32
10 28
10 57
10 90
10 30
10 41
10 8
10 121
10 106
10 9
10 21
10 106
10 115
10 36
10 113
10 75
10 14
10 70
10 42
10 97
10 89
10 32
10 22
10 21
10 114
10 47
10 120
10 29
10 112
10 118
10 17
10 49
10 3
10 118
10 102
10 103
10 85
10 7
10 20
10 111
10 108
10 46
10 13
10 37
10 28
10 73
10 56
10 95
10 117
11 45
11 47
11 62
11 46
11 76
11 87
11 11
11 56
11 32
11 116
11 125
11 86
11 25
11 27
11 46
11 106
11 29
11 66
11 69
11 12
11 35
11 21
11 3
11 124
11 84
11 44
11 48
11 3
11 10
11 59
11 99
11 70
11 92
11 59
11 93
11 73
11 124
11 126
11 43
11 86
11 101
11 80
11 95
11 69
11 101
11 6
11 88
11 3
11 71
11 112
11 3
11 83
11 36
11 79
11 109
11 115
11 68
11 104
11 113
12 9
12 51
12 9
12 17
12 14
12 51
12 83
12 79
12 36
12 72
12 111
12 21
12 99
12 17
12 119
12 31
12 126
12 124
12 45
12 77
12 110
12 26
12 18
12 39
12 13
12 115
12 25
12 38
12 116
12 92
12 122
12 19
12 57
12 36
12 88
12 98
12 50
12 23
12 82
12 61
12 17
12 80
12 127
12 41
12 38
12 9
12 67
12 99
12 26
12 79
12 32
12 33
12 80
12 58
12 46
12 90
12 50
12 6
12 35
12 124
13 107
13 2
13 86
13 74
13 83
13 11
13 48
13 43
13 92
13 12
13 34
13 28
13 10
13 68
13 64
13 68
13 50
13 54
13 113
13 98
13 67
13 2
13 9
13 56
13 122
13 20
13 77
13 106
13 23
13 77
13 62
13 44
13 109
13 112
13 40
13 46
13 41
13 97
13 32
13 85
13 74
13 15
13 102
13 67
13 123
13 53
13 40
13 96
13 127
13 110
13 5
13 32
13 91
13 31
13 104
13 56
13 84
13 62
14 22
14 26
14 80
14 16
14 7
14 41
14 30
14 56
14 13
14 98
14 72
14 18
14 60
14 51
14 50
14 124
14 41
14 66
14 65
14 118
14 96
14 82
14 66
14 7
14 97
14 23
14 77
14 119
14 50
14 38
14 42
14 121
14 96
14 117
14 40
14 47
14 78
14 77
14 119
14 95
14 42
14 67
14 65
14 22
14 103
14 44
14 93
14 96
14 115
14 24
14 85
14 14
14 121
14 88
14 18
14 104
14 101
14 48
14 58
14 37
14 52
15 99
15 55
15 56
15 115
15 84
15 13
15 54
15 90
15 12
15 32
15 108
15 114
15 89
15 41
15 79
15 41
15 55
15 12
15 95
15 11
15 68
15 59
15 21
15 115
15 114
15 59
15 82
15 81
15 6
15 79
15 2
15 81
15 42
15 42
15 46
15 25
15 23
15 41
15 84
15 13
15 34
15 8
15 18
15 103
15 10
15 5
15 123
15 53
15 20
15 71
15 9
15 111
15 34
15 10
15 81
15 11
15 103
15 124
15 67
15 71
16 52
16 105
16 98
16 109
16 69
16 73
16 97
16 88
16 76
16 114
16 8
16 61
16 36
16 70
16 109
16 97
16 75
16 49
16 90
16 77
16 63
16 98
16 112
16 28
16 52
16 79
16 49
16 90
16 3
16 76
16 57
16 32
16 1
16 107
16 66
16 16
16 50
16 79
16 55
16 34
16 96
16 118
16 124
16 53
16 54
16 102
16 25
16 56
16 125
16 108
16 22
16 69
16 23
16 122
16 49
16 40
16 10
16 83
16 99
17 121
17 59
17 3
17 15
17 52
17 19
17 91
17 8
17 32
17 3
17 57
17 88
17 48
17 43
17 104
17 18
17 19
17 42
17 69
17 127
17 53
17 39
17 100
17 39
17 66
17 85
17 76
17 120
17 79
17 69
17 125
17 17
17 56
17 61
17 121
17 12
17 54
17 90
17 99
17 3
17 14
17 61
17 79
17 27
17 95
17 61
17 14
17 100
17 12
17 102
17 123
17 40
17 94
17 62
17 32
17 54
17 52
17 25
17 85
17 82
18 17
18 31
18 76
18 54
18 7
18 23
18 11
18 40
18 5
18 35
18 105
18 102
18 42
18 52
18 62
18 65
18 92
18 98
18 102
18 83
18 87
18 84
18 40
18 54
18 94
18 84
18 46
18 40
18 60
18 18
18 46
18 66
18 28
18 90
18 12
18 49
18 67
18 4
18 54
18 118
18 3
18 7
18 41
18 48
18 29
18 105
18 65
18 49
18 70
18 6
18 33
18 74
18 8
18 3
18 116
18 14
18 4
18 121
18 41
18 14
18 21
18 71
19 25
19 100
19 55
19 72
19 9
19 94
19 96
19 31
19 33
19 5
19 78
19 40
19 56
19 111
19 16
19 35
19 88
19 77
19 118
19 57
19 108
19 26
19 99
19 59
19 124
19 10
19 117
19 55
19 99
19 41
19 87
19 2
19 22
19 65
19 125
19 108
19 102
19 126
19 82
19 116
19 3
19 67
19 92
19 72
19 22
19 116
19 99
19 53
19 114
19 11
19 106
19 23
19 64
19 83
19 10
19 2
19 49
19 70
20 114
20 50
20 91
20 79
20 17
20 82
20 37
20 43
20 70
20 79
20 53
20 2
20 36
20 13
20 110
20 51
20 20
20 34
20 51
20 76
20 5
20 46
20 55
20 50
20 33
20 7
20 95
20 54
20 117
20 53
20 77
20 126
20 120
20 55
20 127
20 17
20 83
20 61
20 96
20 122
20 125
20 32
20 42
20 8
20 55
20 105
20 2
20 64
20 83
20 40
20 99
20 120
20 16
20 61
20 116
20 108
20 62
20 1
20 25
20 42
20 45
20 125
21 38
21 48
21 35
21 88
21 84
21 94
21 26
21 34
21 49
21 81
21 1
21 97
21 35
21 92
21 104
21 34
21 75
21 116
21 44
21 103
21 91
21 116
21 124
21 118
21 7
21 82
21 55
21 56
21 53
21 17
21 14
21 91
21 66
21 97
21 93
21 44
21 12
21 21
21 25
21 51
21 58
21 83
21 58
21 92
21 38
21 7
21 55
21 108
21 42
21 49
21 8
21 35
21 48
21 77
21 109
21 123
21 125
21 102
22 112
22 43
22 126
22 119
22 86
22 74
22 82
22 75
22 23
22 77
22 117
22 87
22 31
22 61
22 117
22 48
22 7
22 48
22 76
22 63
22 40
22 74
22 35
22 91
22 83
22 41
22 22
22 20
22 38
22 126
22 54
22 113
22 45
22 48
22 47
22 70
22 50
22 83
22 62
22 116
22 73
22 127
22 85
22 65
22 37
22 11
22 96
22 121
22 117
22 121
22 11
22 15
22 96
22 108
22 101
22 39
22 80
22 21
22 37
22 16
23 84
23 17
23 92
23 91
23 38
23 113
23 75
23 30
23 26
23 62
23 47
23 29
23 8
23 104
23 122
23 74
23 53
23 43
23 102
23 11
23 44
23 124
23 97
23 70
23 26
23 19
23 59
23 43
23 24
23 69
23 90
23 57
23 38
23 28
23 25
23 117
23 109
23 104
23 35
23 39
23 111
23 126
23 55
23 109
23 100
23 45
23 125
23 86
23 32
23 63
23 54
23 95
23 2
23 4
23 64
23 93
23 22
23 15
23 97
23 17
23 89
24 90
24 34
24 109
24 111
24 101
24 39
24 17
24 109
24 118
24 116
24 52
24 60
24 71
24 20
24 102
24 59
24 94
24 124
24 91
24 16
24 114
24 87
24 17
24 85
24 38
24 124
24 109
24 99
24 109
24 22
24 84
24 75
24 22
24 95
24 57
24 31
24 25
24 112
24 85
24 94
24 100
24 47
24 53
24 55
24 81
24 45
24 100
24 21
24 109
24 50
24 74
24 2
24 31
24 28
24 110
24 43
24 50
24 82
24 113
24 70
24 46
25 52
25 69
25 8
25 71
25 58
25 118
25 104
25 115
25 63
25 52
25 65
25 6
25 56
25 87
25 45
25 42
25 58
25 7
25 65
25 81
25 104
25 3
25 107
25 47
25 122
25 108
25 8
25 127
25 35
25 109
25 42
25 6
25 127
25 4
25 2
25 61
25 37