5 11
5 70
5 18
5 16
5 51
5 24
5 22
5 86
5 47
5 81
5 58
5 80
5 116
5 121
5 71
5 79
5 78
5 90
5 5
5 70
5 27
5 65
5 37
5 99
5 46
5 94
5 57
5 8
5 72
5 113
5 47
5 118
5 71
5 76
5 56
5 50
5 59
5 34
5 90
5 109
5 76
5 37
5 81
5 8
5 98
5 75
5 52
5 120
5 69
5 86
5 29
5 57
5 98
5 27
5 77
5 98
5 83
5 73
5 79
5 56
5 85
5 80
6 74
6 126
6 120
6 14
6 91
6 28
6 24
6 54
6 96
6 51
6 51
6 114
6 33
6 39
6 98
6 81
6 122
6 110
6 119
6 36
6 35
6 43
6 27
6 68
6 46
6 81
6 32
6 110
6 72
6 17
6 110
6 119
6 3
6 117
6 124
6 118
6 108
6 99
6 10
6 51
6 121
6 73
6 10
6 26
6 6
6 53
6 13
6 53
6 63
6 4
6 15
6 108
6 89
6 4
6 16
6 121
6 48
6 3
6 88
6 41
7 80
7 79
7 108
7 74
7 112
7 12
7 75
7 29
7 66
7 102
7 65
7 124
7 85
7 58
7 63
7 2
7 58
7 33
7 103
7 92
7 9
7 53
7 21
7 104
7 32
7 20
7 76
7 73
7 115
7 48
7 121
7 56
7 1
7 36
7 17
7 14
7 5
7 16
7 3
7 52
7 6
7 41
7 51
7 21
7 58
7 3
7 96
7 33
7 105
7 33
7 125
7 84
7 46
7 81
7 5
7 37
7 80
7 99
7 114
7 87
7 17
8 10
8 49
8 91
8 62
8 87
8 77
8 89
8 118
8 48
8 62
8 24
8 62
8 32
8 6
8 62
8 101
8 81
8 108
8 2
8 7
8 90
8 17
8 2
8 13
8 7
8 41
8 93
8 114
8 107
8 84
8 62
8 89
8 87
8 122
8 38
8 67
8 99
8 106
8 42
8 98
8 113
8 1
8 65
8 22
8 45
8 84
8 99
8 119
8 13
8 5
8 102
8 27
8 93
8 120
8 103
8 84
8 21
8 69
8 40
9 75
9 26
9 122
9 76
9 126
9 117
9 36
9 100
9 101
9 91
9 20
9 52
9 114
9 3
9 13
9 5
9 74
9 117
9 4
9 121
9 62
9 70
9 60
9 56
9 78
9 116
9 2
9 17
9 39
9 43
9 79
9 12
9 47
9 84
9 28
9 4
9 16
9 85
9 39
9 113
9 61
9 2
9 72
9 120
9 115
9 27
9 81
9 114
9 118
9 59
9 104
9 106
9 28
9 101
9 106
9 125
9 32
9 65
9 117
9 66
9 2
9 36
9 87
9 87
9 28
9 61
9 40
10 121
10 47
10 83
10 81
10 68
10 76
10 25
10 90
10 80
10 18
10 43
10 49
10 125
10 114
10 46
10 30
10 20
10 89
10 36
10 57
10 33
10 119
10 58
10 20
10 79
10 73
10 20
10 20
10 42
10 83
10 48
10 61
10 7
10 118
10 86
10 90
10 29
10 97
10 109
10 33
10 82
10 55
10 69
10 44
10 6
10 52
10 45
10 48
10 71
10 21
10 22
10 105
10 91
10 27
11 94
11 57
11 48
11 101
11 108
11 54
11 52
11 50
11 104
11 75
11 109
11 82
11 5
11 17
11 89
11 26
11 49
11 125
11 61
11 110
11 5
11 103
11 44
11 93
11 34
11 47
11 96
11 60
11 64
11 88
11 6
11 116
11 83
11 123
11 93
11 76
11 42
11 29
11 62
11 54
11 105
11 100
11 52
11 78
11 38
11 101
11 117
11 111
11 59
11 38
11 65
11 87
11 71
11 110
11 104
11 33
11 54
11 30
11 111
11 11
12 4
12 52
12 98
12 110
12 5
12 8
12 97
12 35
12 69
12 75
12 9
12 99
12 117
12 123
12 19
12 96
12 37
12 3
12 109
12 95
12 93
12 123
12 116
12 84
12 99
12 95
12 73
12 28
12 50
12 14
12 121
12 112
12 127
12 92
12 3
12 87
12 58
12 37
12 57
12 2
12 95
12 64
12 17
12 88
12 81
12 20
12 30
12 82
12 32
12 124
12 46
12 87
12 35
12 26
12 87
12 99
12 23
12 15
12 92
13 4
13 85
13 70
13 21
13 96
13 89
13 60
13 126
13 107
13 2
13 112
13 69
13 23
13 10
13 71
13 41
13 11
13 7
13 116
13 41
13 52
13 96
13 109
13 109
13 49
13 56
13 87
13 57
13 16
13 84
13 80
13 81
13 68
13 4
13 75
13 100
13 5
13 64
13 41
13 44
13 114
13 99
13 87
13 110
13 106
13 56
13 3
13 3
13 127
13 15
13 81
13 7
13 89
13 68
13 97
13 77
13 126
13 59
13 27
13 50
14 25
14 118
14 16
14 89
14 67
14 108
14 61
14 3
14 92
14 30
14 35
14 75
14 73
14 23
14 29
14 42
14 98
14 57
14 15
14 94
14 113
14 100
14 1
14 2
14 49
14 22
14 67
14 16
14 79
14 48
14 35
14 42
14 92
14 20
14 22
14 52
14 53
14 4
14 10
14 111
14 116
14 44
14 86
14 102
14 41
14 49
14 69
14 120
14 13
14 95
14 24
14 44
14 71
14 61
14 103
14 83
14 55
14 89
14 50
14 98
15 19
15 50
15 126
15 44
15 66
15 122
15 38
15 116
15 81
15 85
15 98
15 50
15 115
15 46
15 19
15 115
15 95
15 114
15 95
15 59
15 28
15 95
15 88
15 65
15 67
15 25
15 118
15 29
15 99
15 125
15 94
15 56
15 3
15 89
15 104
15 88
15 90
15 35
15 8
15 63
15 90
15 42
15 78
15 52
15 37
15 54
15 20
15 61
15 14
15 5
15 33
15 67
15 42
15 47
15 115
15 69
15 51
15 78
15 74
15 121
15 13
15 116
15 68
15 30
15 14
16 119
16 36
16 64
16 53
16 115
16 91
16 8
16 68
16 35
16 41
16 24
16 32
16 93
16 71
16 73
16 72
16 30
16 72
16 57
16 71
16 93
16 113
16 63
16 13
16 79
16 95
16 65
16 110
16 112
16 68
16 117
16 120
16 82
16 52
16 16
16 20
16 75
16 16
16 110
16 5
16 112
16 122
16 11
16 67
16 22
16 112
16 100
16 11
16 9
16 46
16 76
16 13
16 107
16 4
16 10
17 127
17 9
17 73
17 46
17 73
17 69
17 63
17 53
17 115
17 123
17 40
17 114
17 39
17 114
17 120
17 36
17 78
17 110
17 48
17 75
17 122
17 59
17 84
17 92
17 12
17 53
17 30
17 52
17 119
17 115
17 100
17 99
17 126
17 40
17 39
17 117
17 20
17 92
17 36
17 102
17 60
17 78
17 19
17 104
17 55
17 30
17 93
17 105
17 13
17 89
17 43
17 84
17 7
17 18
17 102
17 41
17 12
17 47
17 102
17 105
17 70
17 88
17 60
17 40
17 123
17 4
18 77
18 16
18 46
18 56
18 113
18 93
18 113
18 48
18 109
18 40
18 106
18 16
18 12
18 101
18 2
18 113
18 64
18 45
18 63
18 6
18 53
18 13
18 123
18 103
18 113
18 34
18 98
18 31
18 29
18 18
18 41
18 112
18 104
18 76
18 10
18 15
18 33
18 42
18 1
18 22
18 9
18 77
18 59
18 73
18 121
18 28
18 41
18 112
18 106
18 18
18 100
18 21
18 43
18 125
18 122
19 45
19 28
19 83
19 80
19 54
19 58
19 35
19 26
19 28
19 76
19 57
19 101
19 45
19 126
19 85
19 10
19 10
19 3
19 17
19 77
19 49
19 68
19 19
19 33
19 50
19 37
19 28
19 17
19 70
19 115
19 32
19 32
19 125
19 89
19 1
19 64
19 47
19 70
19 31
19 17
19 50
19 14
19 101
19 74
19 48
19 17
19 76
19 113
19 103
19 117
19 127
19 107
19 92
19 54
19 15
19 12
19 114
19 107
19 105
20 103
20 87
20 30
20 85
20 62
20 17
20 91
20 91
20 32
20 66
20 94
20 59
20 109
20 66
20 123
20 3
20 72
20 99
20 115
20 121
20 68
20 97
20 69
20 74
20 30
20 50
20 120
20 8
20 75
20 3
20 55
20 23
20 28
20 32
20 78
20 111
20 58
20 113
20 10
20 2
20 34
20 72
20 92
20 123
20 67
20 96
20 11
20 44
20 114
20 45
20 122
20 12
20 16
20 34
20 25
20 114
20 103
20 53
20 14
20 120
21 56
21 104
21 40
21 13
21 79
21 81
21 106
21 115
21 60
21 91
21 82
21 61
21 65
21 56
21 72
21 82
21 10
21 87
21 35
21 31
21 4
21 100
21 127
21 11
21 11
21 70
21 45
21 43
21 8
21 1
21 26
21 113
21 53
21 66
21 36
21 20
21 25
21 38
21 103
21 70
21 64
21 31
21 113
21 1
21 66
21 107
21 39
21 17
21 32
21 1
21 104
21 114
21 116
21 32
21 94
21 46
21 112
21 56
21 13
21 14
22 40
22 1
22 110
22 63
22 34
22 114
22 101
22 21
22 105
22 49
22 101
22 36
22 30
22 45
22 31
22 33
22 127
22 72
22 111
22 6
22 93
22 25
22 36
22 56
22 14
22 41
22 105
22 35
22 90
22 55
22 82
22 49
22 126
22 23
22 58
22 62
22 104
22 113
22 87
22 9
22 22
22 25
22 15
22 11
22 4
22 2
22 40
22 42
22 123
22 67
22 5
22 74
22 91
22 20
22 40
22 13
22 33
22 81
22 104
22 104
22 32
22 57
23 104
23 29
23 123
23 46
23 103
23 63
23 87
23 100
23 115
23 7
23 11
23 94
23 87
23 71
23 50
23 71
23 6
23 111
23 73
23 120
23 115
23 98
23 20
23 38
23 54
23 97
23 114
23 105
23 14
23 18
23 102
23 81
23 100
23 43
23 115
23 95
23 117
23 97
23 61
23 96
23 119
23 68
23 65
23 45
23 41
23 25
23 13
23 73
23 76
23 102
23 42
23 31
23 116
23 119
23 118
23 20
23 93
23 116
24 96
24 38
24 121
24 21
24 23
24 126
24 126
24 13
24 77
24 40
24 62
24 80
24 89
24 66
24 29
24 67
24 42
24 98
24 123
24 49
24 88
24 115
24 17
24 63
24 27
24 54
24 120
24 56
24 64
24 89
24 126
24 17
24 44
24 92
24 38
24 70
24 87
24 28
24 113
24 66
24 74
24 77
24 40
24 92
24 125
24 125
24 1
24 54
24 96
24 79
24 6
24 22
24 9
24 1
24 76
24 95
24 27
24 121
24 39
24 71
25 95
25 42
25 26
25 77
25 7
25 22
25 83
25 39
25 77
25 26
25 95
25 8
25 106
25 69
25 6
25 119
25 28
25 105
25 127
25 65
25 19
25 72
25 44
25 116
25 17
25 55
25 67
25 55
25 40
25 78
25 101
25 52
25 72
25 62
25 71
25 8
25 56
25 94
25 125
25 96
25 32
25 106
25 6
25 39
25 24
25 29
25 55
25 62
25 101
25 33
25 44
25 127
25 42
25 2
25 120
25 67
25 36
25 37
25 103
25 59
26 10
26 90
26 3
26 15
26 96
26 102
26 95
26 122
26 46
26 31
26 111
26 53
26 54
26 103
26 56
26 82
26 60
26 79
26 62
26 84
26 36
26 104
26 27
26 108
26 50
26 116
26 87
26 8
26 89
26 104
26 46
26 33
26 67
26 74
26 122
26 58
26 87
26 87
26 37
26 88
26 11
26 52
26 42
26 3
26 114
26 86
26 15
26 67
26 30
26 117
26 123
26 86
26 98
26 2
26 106
26 125
26 25
26 72
26 74
26 120
27 93
27 39
27 86
27 10
27 33
27 44
27 70
27 110
27 48
27 85
27 103
27 14
27 2
27 96
27 20
27 116
27 115
27 64
27 86
27 34
27 118
27 126
27 58
27 94
27 115
27 88
27 76
27 104
27 25
27 118
27 11
27 82
27 95
27 100
27 79
27 80
27 91
27 3
27 103
27 70
27 62
27 89
27 52
27 124
27 91
27 33
27 60
27 47
27 14
27 40
27 20
27 56
27 44
27 48
27 82
27 95
27 3
27 2
27 85
27 49
27 55
28 94
28 36
28 90
28 19
28 2
28 34
28 33
28 70
28 9
28 125
28 2
28 1
28 39
28 14
28 88
28 52
28 36
28 32
28 45
28 78
28 62
28 9
28 71
28 103
28 125
28 40
28 14
28 86
28 3
28 21
28 55
28 101
28 56
28 53
28 32
28 69
28 118
28 65
28 36
28 98
28 104
28 125
28 32
28 44
28 39
28 109
28 52
28 69
28 77
28 43
28 126
28 115
28 33
28 22
28 65
28 34
28 63
28 46
28 115
28 29
29 112
29 87
29 84
29 87
29 54
29 34
29 90
29 108
29 56
29 65
29 42
29 34
29 74
29 68
29 70
29 77
29 91
29 50
29 120
29 73
29 91
29 53
29 111
29 52
29 2
29 65
29 48
29 81
29 60
29 88
29 9
29 43
29 21
29 80
29 30
29 127
29 109
29 1
29 17
29 87
29 78
29 8
29 11
29 88
29 78
29 84
29 70
29 113
29 26
29 3
29 7
29 23
29 3
29 67
29 28
29 82
29 122
29 118
29 28
30 96
30 94
30 78
30 120
30 125
30 89
30 25
30 28
30 122
30 45
30 84
30 42
30 10
30 3
30 67
30 57
30 76
30 5
30 23
30 110
30 55
30 35
30 93
30 54
30 32
30 36
30 51
30 31
30 54
30 108
30 52
30 12
30 94
30 90
30 127
30 4
30 101
30 119
30 25
30 18
30 81
30 105
30 111
30 39
30 33
30 37
30 97
30 67
30 46
30 99
30 81
30 99
30 49
30 64
30 77
30 15
30 104
30 104
30 115
30 104
30 86
31 116
31 41
31 79
31 115
31 120
31 96
31 58
31 33
31 80
31 32
31 23
31 69
31 116
31 50
31 86
31 108
31 80
31 23
31 7
31 104
31 101
31 32
31 96
31 49
31 53
31 34
31 119
31 58
31 97
31 71
31 16
31 19
31 73
31 93
31 85
31 127
31 93
31 126
31 109
31 22
31 76
31 66
31 60
31 111
31 91
31 22
31 19
31 116
31 1
31 20
31 95
31 40
31 88
31 13
31 12
31 17
31 67
31 28
31 84
31 54
31 65
32 121
32 103
32 59
32 20
32 92
32 53
32 93
32 40
32 101
32 19
32 47
32 127
32 19
32 17
32 81
32 34
32 13
32 27
32 41
32 53
32 20
32 7
32 101
32 46
32 38
32 55
32 94
32 69
32 57
32 34
32 1
32 76
32 16
32 111
32 37
32 124
32 77
32 4
32 61
32 111
32 118
32 4
32 26
32 78
32 49
32 48
32 21
32 74
32 12
32 20
32 104
32 95
32 56
32 86
32 22
32 74
32 39
32 111
33 115
33 74
33 43
33 105
33 46
33 115
33 10
33 123
33 95
33 115
33 86
33 5
33 98
33 97
33 26
33 51
33 36
33 77
33 55
33 26
33 18
33 18
33 38
33 5
33 3
33 81
33 56
33 65
33 4
33 33
33 25
33 89
33 79
33 117
33 60
33 55
33 105
33 39
33 6
33 45
33 37
33 26
33 124
33 107
33 75
33 50
33 63
33 11
33 105
33 118
33 98
33 28
33 31
33 46
33 125
33 6
33 120
33 51
33 32
33 72
33 46
33 47
34 68
34 110
34 53
34 35
34 45
34 37
34 2
34 63
34 75
34 99
34 7
34 11
34 123
34 11
34 87
34 41
34 22
34 126
34 108
34 120
34 43
34 46
34 8
34 88
34 78
34 64
34 37
34 104
34 9
34 22
34 20
34 9
34 27
34 113
34 15
34 42
34 109
34 75
34 5
34 108
34 100
34 77
34 127
34 82
34 91
34 1
34 107
34 41
34 98
34 25
34 57
34 93
34 32
34 117
34 73
34 37
34 127
34 79
35 117
35 88
35 40
35 34
35 5
35 12
35 81
35 40
35 45
35 72
35 35
35 18
35 122
35 6
35 116
35 8
35 52
35 124
35 66
35 64
35 90
35 57
35 82
35 38
35 71
35 56
35 80
35 62
35 95
35 88
35 72
35 25
35 41
35 7
35 118
35 70
35 100
35 111
35 55
35 63
35 9
35 92
35 87
35 81
35 30
35 109
35 84
35 104
35 9
35 40
35 51
35 32
35 46
35 107
35 68
35 107
35 116
35 124
35 112
35 99
36 47
36 48
36 116
36 115
36 28
36 119
36 45
36 77
36 66
36 54
36 85
36 61
36 49
36 102
36 101
36 44
36 98
36 22
36 39
36 19
36 14
36 60
36 17
36 46
36 30
36 24
36 43
36 117
36 87
36 19
36 104
36 56
36 55
36 98
36 54
36 61
36 118
36 73
36 93
36 71
36 114
36 47
36 18
36 93
36 59
36 55
36 103
36 5
36 111
36 110
36 93
36 69
36 67
36 119
36 112
36 31
36 69
36 117
36 68
36 50
36 85
36 35
36 50
37 106
37 49
37 84
37 110
37 61
37 69
37 15
37 22
37 85
37 16
37 21
37 91
37 19
37 106
37 113
37 58
37 125
37 84
37 87
37 33
37 102
37 38
37 94
37 29
37 87
37 113
37 25
37 55
37 103
37 15
37 124
37 100
37 26
37 111
37 36
37 73
37 87
37 53
37 25
37 7
37 104
37 64
37 95
37 9
37 50
37 37
37 104
37 6
37 63
37 81
37 77
37 100
37 93
37 120
37 2
37 5
37 48
37 109
37 116
37 49
38 79
38 104
38 83
38 69
38 19
38 107
38 89
38 34
38 70
38 54
38 114
38 45
38 61
38 20
38 41
38 69
38 123
38 72
38 105
38 84
38 22
38 120
38 68
38 95
38 8
38 9
38 20
38 40
38 24
38 75
38 119
38 75
38 95
38 30
38 79
38 13
38 77
38 3
38 53
38 2
38 26
38 1
38 64
38 96
38 103
38 32
38 13
38 2
38 91
38 50
38 115
38 93
38 104
38 6
38 10
38 42
38 45
38 33
39 39
39 115
39 73
39 123
39 117
39 1
39 58
39 98
39 83
39 49
39 113
39 125
39 57
39 8
39 118
39 25
39 127
39 121
39 122
39 74
39 26
39 106
39 124
39 75
39 127
39 9
39 5
39 34
39 81
39 41
39 50
39 115
39 32
39 98
39 12
39 57
39 6
39 71
39 98
39 16
39 127
39 1
39 63
39 75
39 83
39 87
39 18
39 43
39 5
39 36
39 106
39 34
39 20
39 20
39 7
39 127
39 119
39 122
39 105
39 70
40 54
40 49
40 83
40 126
40 96
40 96
40 5
40 125
40 15
40 93
40 89
40 47
40 72
40 93
40 106
40 37
40 106
40 63
40 86
40 112
40 124
40 39
40 90
40 79
40 50
40 84
40 5
40 117
40 101
40 9
40 95
40 9
40 89
40 56
40 115
40 48
40 5
40 97
40 126
40 69
40 19
40 59
40 59
40 50
40 44
40 27
40 96
40 34
40 93
40 14
40 96
40 53
40 55
40 90
40 6
40 5
40 44
40 1
40 25
41 7
41 88
41 101
41 73
41 8
41 101
41 33
41 27
41 109
41 5
41 102
41 99
41 35
41 48
41 127
41 111
41 39
41 1
41 110
41 69
41 75
41 114
41 40
41 105
41 60
41 55
41 89
41 80
41 102
41 115
41 95
41 17
41 113
41 74
41 47
41 113
41 28
41 126
41 12
41 71
41 72
41 64
41 17
41 35
41 101
41 115
41 42
41 84
41 7
41 13
41 88
41 18
41 126
41 74
41 33
41 99
41 123
41 16
41 86
41 42
41 45
42 64
42 13
42 19
42 122
42 44
42 57
42 27
42 50
42 58
42 36
42 28
42 18
42 43
42 77
42 112
42 114
42 7
42 21
42 125
42 124
42 27
42 2
42 26
42 6
42 8
42 85
42 8
42 108
42 75
42 101
42 67
42 80
42 32
42 44
42 67
42 120
42 103
42 113
42 69
42 73
42 94
42 119
42 23
42 81
42 110
42 38
42 105
42 112
42 104
42 75
42 5
42 119
42 106
42 78
42 17
42 43
42 98
42 114
42 56
42 72
43 112
43 52
43 59
43 82
43 44
43 85
43 38
43 36
43 11
43 8
43 30
43 56
43 15
43 97
43 36
43 15
43 33
43 108
43 46
43 77
43 55
43 69
43 5
43 16
43 94
43 84
43 100
43 61
43 48
43 42
43 122
43 62
43 113
43 84
43 89
43 99
43 93
43 14
43 80
43 104
43 9
43 39
43 16
43 120
43 62
43 120
43 71
43 57
43 80
43 48
43 62
43 27
43 88
43 99
43 32
43 7
43 14
43 98
43 42
43 95
44 7
44 18
44 68
44 103
44 72
44 100
44 91
44 70
44 17
44 55
44 52
44 51
44 124
44 27
44 103
44 112
44 62
44 26
44 13
44 51
44 1
44 53
44 104
44 70
44 100
44 107
44 10
44 113
44 51
44 37
44 124
44 19
44 64
44 88
44 104
44 43
44 51
44 58
44 13
44 119
44 112
44 76
44 10
44 65
44 120
44 67
44 20
44 70
44 72
44 110
44 68
44 43
44 118
44 115
44 83
44 71
44 22
44 4
44 124
44 60
45 77
45 42
45 11
45 105
45 96
45 14
45 80
45 88
45 62
45 82
45 111
45 72
45 105
45 125
45 121
45 44
45 69
45 83
45 21
45 90
45 122
45 26
45 47
45 27
45 85
45 99
45 68
45 34
45 22
45 118
45 55
45 12
45 104
45 31
45 1
45 32
45 100
45 73
45 107
45 23
45 65
45 125
45 63
45 114
45 1
45 102
45 84
45 52
45 107
45 35
45 116
45 19
45 85
45 87
45 109
45 42
45 96
45 71
45 53
45 59
46 2
46 71
46 54
46 43
46 41
46 66
46 99
46 30
46 11
46 21
46 2
46 53
46 92
46 124
46 11
46 120
46 18
46 120
46 95
46 112
46 29
46 91
46 75
46 20
46 68
46 103
46 20
46 30
46 83
46 65
46 46
46 126
46 26
46 7
46 66
46 73
46 65
46 107
46 17
46 44
46 17
46 74
46 91
46 59
46 77
46 87
46 40
46 27
46 44
46 93
46 76
46 118
46 102
46 102
46 73
46 89
46 23
46 77
46 108
46 123
46 102
46 127
47 7
47 39
47 37
47 93
47 49
47 77
47 23
47 38
47 115
47 16
47 96
47 62
47 88
47 48
47 121
47 32
47 9
47 109
47 92
47 62
47 88
47 16
47 64
47 85
47 111
47 111
47 119
47 104
47 117
47 74
47 26
47 62
47 48
47 79
47 39
47 87
47 82
47 124
47 1
47 61
47 22
47 35
47 67
47 109
47 116
47 20
47 23
47 96
47 99
47 89
47 115
47 103
47 77
47 74
47 55
47 10
47 98
48 17
48 63
48 16
48 48
48 45
48 79
48 119
48 17
48 120
48 101
48 88
48 45
48 90
48 83
48 3
48 71
48 87
48 114
48 113
48 40
48 28
48 84
48 53
48 44
48 65
48 121
48 113
48 29
48 116
48 20
48 75
48 85
48 45
48 25
48 49
48 27
48 74
48 33
48 93
48 115
48 38
48 78
48 40
48 107
48 39
48 110
48 34
48 13
48 110
48 39
48 49
48 36
48 28
48 21
48 38
48 111
48 26
48 116
48 40
48 70
49 109
49 36
49 106
49 92
49 73
49 33
49 46
49 66
49 88
49 38
49 67
49 98
49 42
49 100
49 56
49 119
49 64
49 73
49 88
49 77
49 35
49 120
49 18
49 118
49 37
49 18
49 50
49 63
49 61
49 12
49 122
49 111
49 101
49 34
49 20
49 6
49 92
49 121
49 99
49 83
49 107
49 3
49 11
49 30
49 70
49 109
49 41
49 61
49 108
49 15
49 5
49 20
49 116
49 119
49 16
49 96
49 37
49 99
49 49
49 28
50 36
50 94
50 80
50 117
50 54
50 33
50 69
50 99
50 42
50 56
50 11
50 50
50 70
50 85
50 72
50 126
50 52
50 102
50 31
50 22
50 50
50 8
50 100
50 118
50 47
50 7
50 89
50 58
50 6
50 10
50 77
50 100
50 85
50 16
50 75
50 77
50 107
50 55
50 50
50 7
50 30
50 35
50 95
50 44
50 87
50 21
50 85
50 19
50 106
50 58
50 63
50 80
50 91
50 86
50 125
50 15
50 45
50 7
50 57
50 22
50 103
51 126
51 78
51 77
51 20
51 19
51 24
51 2
51 2
51 61
51 31
51 108
51 38
51 79
51 95
51 57
51 16
51 116
51 29
51 111
51 62
51 27
51 76
51 58
51 110
51 124
51 66
51 10
51 38
51 42
51 5
51 91
51 76
51 3
51 127
51 43
51 56
51 125
51 12
51 79
51 47
51 117
51 40
51 64
51 58
51 71
51 29
51 23
51 120
51 67
51 26
51 39
51 123
51 64
51 122
51 23
51 114
51 95
51 43
51 2
51 56
51 93
52 85
52 51
52 17
52 71
52 85
52 109
52 104
52 94
52 110
52 37
52 93
52 36
52 83
52 7
52 34
52 94
52 117
52 93
52 55
52 97
52 6
52 100
52 93
52 37
52 113
52 21
52 80
52 40
52 97
52 82
52 50
52 9
52 7
52 68
52 26
52 77
52 13
52 107
52 41
52 4
52 87
52 113
52 68
52 111
52 37
52 81
52 18
52 83
52 49
52 61
52 63
52 15
52 57
52 72
52 3
52 109
52 110
52 16
52 5
52 48
52 90
52 11
53 83
53 44
53 25
53 121
53 5
53 73
53 33
53 55
53 71
53 15
53 125
53 61
53 48
53 81
53 114
53 20
53 22
53 56
53 83
53 31
53 36
53 50
53 47
53 68
53 109
53 87
53 19
53 28
53 53
53 119
53 92
53 47
53 101
53 7
53 122
53 21
53 74
53 116
53 5
53 74
53 98
53 106
53 4
53 42
53 24
53 46
53 23
53 97
53 55
53 41
53 36
53 35
53 7
53 114
53 19
53 68
54 87
54 68
54 26
54 98
54 91
54 91
54 21
54 41
54 14
54 37
54 65
54 123
54 124
54 120
54 8
54 13
54 82
54 82
54 115
54 68
54 25
54 38
54 108
54 113
54 79
54 88
54 106
54 102
54 70
54 59
54 2
54 19
54 53
54 83
54 29
54 32
54 68
54 116
54 1
54 52
54 120
54 99
54 74
54 44
54 22
54 1
54 88
54 95
54 102
54 77
54 102
54 9
54 18
54 77
54 14
54 85
54 103
54 63
54 89
54 75
54 123
55 26
55 1
55 53
55 69
55 59
55 1
55 17
55 123
55 66
55 55
55 79
55 13
55 120
55 121
55 33
55 95
55 102
55 15
55 52
55 127
55 8
55 34
55 105
55 63
55 102
55 118
55 118
55 13
55 78
55 4
55 81
55 38
55 81
55 101
55 29
55 109
55 14
55 10
55 102
55 74
55 95
55 92
55 5
55 54
55 108
55 111
55 64
55 86
55 51
55 10
55 115
55 99
55 4
55 94
55 50
55 84
55 52
55 36
55 114
56 9
56 58
56 120
56 85
56 123
56 78
56 62
56 3
56 7
56 18
56 66
56 40
56 38
56 13
56 7
56 123
56 9
56 69
56 124
56 72
56 119
56 46
56 34
56 65
56 101
56 5
56 39
56 57
56 7
56 43
56 22
56 21
56 79
56 9
56 98
56 16
56 45
56 66
56 52
56 29
56 96
56 63
56 100
56 39
56 45
56 107
56 107
56 80
56 60
56 123
56 112
56 91
56 51
56 79
56 36
56 96
56 54
56 37
56 9
56 124
56 86
57 50
57 63
57 15
57 53
57 90
57 117
57 66
57 29
57 41
57 52
57 111
57 38
57 9
57 4
57 81
57 101
57 120
57 93
57 59
57 119
57 56
57 11
57 16
57 72
57 95
57 68
57 72
57 15
57 32
57 7
57 98
57 69
57 113
57 58
57 71
57 32
57 99
57 112
57 12
57 8
57 63
57 73
57 83
57 40
57 92
57 121
57 124
57 121
57 26
57 3
57 109
57 10
57 28
57 82
57 71
57 28
57 126
57 33
57 37
57 47
57 56
57 67
58 22
58 86
58 81
58 21
58 35
58 101
58 120
58 121
58 54
58 60
58 81
58 29
58 23
58 101
58 93
58 70
58 78
58 50
58 25
58 94
58 68
58 81
58 28
58 27
58 107
58 13
58 16
58 61
58 115
58 22
58 42
58 54
58 77
58 10
58 14
58 121
58 121
58 21
58 78
58 12
58 126
58 42
58 88
58 31
58 109
58 112
58 27
58 4
58 86
58 74
58 64
58 36
58 21
58 40
58 100
58 82
58 92
58 45
59 107
59 95
59 119
59 4
59 46
59 78
59 44
59 53
59 64
59 100
59 20
59 36
59 53
59 107
59 55
59 102
59 29
59 101
59 50
59 54
59 71
59 127
59 61
59 3
59 19
59 99
59 10
59 80
59 127
59 22
59 24
59 11
59 12
59 19
59 53
59 6
59 104
59 44
59 1
59 93
59 8
59 38
59 9
59 106
59 33
59 3
59 64
59 71
59 98
59 70
59 50
59 76
59 50
59 18
59 20
59 126
59 50
59 125
59 48
59 117
59 26
60 60
60 65
60 82
60 96
60 122
60 4
60 16
60 116
60 74
60 117
60 49
60 91
60 122
60 126
60 112
60 126
60 47
60 84
60 124
60 113
60 60
60 30
60 77
60 53
60 69
60 8
60 51
60 101
60 31
60 52
60 12
60 67
60 78
60 28
60 58
60 49
60 117
60 26
60 12
60 53
60 62
60 28
60 122
60 93
60 2
60 2
60 22
60 22
60 95
60 9
60 87
60 27
60 113
60 76
60 119
60 117
60 22
60 20
60 27
61 126
61 108
61 2
61 119
61 38
61 38
61 47
61 45
61 122
61 93
61 4
61 6
61 115
61 126
61 76
61 15
61 51
61 101
61 18
61 3
61 122
61 108
61 52
61 127
61 86
61 27
61 43
61 98
61 33
61 42
61 104
61 24
61 29
61 121
61 124
61 17
61 14
61 32
61 58
61 96
61 19
61 120
61 46
61 10
61 23
61 63
61 112
61 43
61 91
61 9
61 90
61 126
61 15
61 114
61 56
61 8
61 67
61 126
61 74
62 125
62 53
62 65
62 111
62 15
62 1
62 52
62 39
62 56
62 100
62 75
62 57
62 121
62 53
62 126
62 19
62 34
62 120
62 106
62 30
62 127
62 17
62 72
62 9
62 15
62 6
62 59
62 26
62 24
62 14
62 68
62 19
62 115
62 66
62 50
62 89
62 98
62 36
62 75
62 33
62 55
62 39
62 38
62 59
62 14
62 5
62 113
62 28
62 87
62 31
62 65
62 67
62 8
62 89
62 54
62 7
62 113
62 82
62 2
62 32
62 3
63 109
63 97
63 119
63 123
63 83
63 10
63 91
63 114
63 17
63 89
63 67
63 111
63 9
63 103
63 82
63 24
63 92
63 43
63 59
63 21
63 76
63 109
63 122
63 34
63 2
63 111
63 108
63 59
63 96
63 40
63 92
63 107
63 69
63 96
63 21
63 62
63 113
63 16
63 28
63 12
63 2
63 115
63 124
63 90
63 70
63 58
63 7
63 39
63 21
63 53
63 59
63 11
63 65
63 9
63 76
63 44
63 125
63 82
63 18
64 4
64 44
64 90
64 45
64 103
64 120
64 69
64 88
64 67
64 75
64 11
64 89
64 123
64 83
64 74
64 59
64 126
64 9
64 71
64 82
64 49
64 102
64 28
64 39
64 32
64 83
64 11
64 103
64 25
64 30
64 16
64 75
64 127
64 37
64 71
64 97
64 99
64 120
64 103
64 113
64 84
64 50
64 115
64 43
64 45
64 103
64 83
64 126
64 113
64 9
64 62
64 115
64 67
64 85
64 29
64 59
64 76
64 63
64 5
64 76
64 72
64 12
65 15
65 113
65 104
65 127
65 127
65 57
65 64
65 98
65 53
65 66
65 58
65 109
65 91
65 62
65 49
65 38
65 55
65 1
65 80
65 65
65 9
65 79
65 24
65 104
65 16
65 18
65 29
65 15
65 7
65 103
65 55
65 66
65 115
65 50
65 40
65 27
65 25
65 25
65 34
65 57
65 71
65 44
65 50
65 90
65 50
65 5
65 107
65 25
65 90
65 33
65 125
65 45
65 9
65 87
65 121
65 117
65 89
65 85
65 107
66 7
66 106
66 91
66 59
66 117
66 121
66 114
66 48
66 17
66 96
66 20
66 110
66 68
66 92
66 71
66 60
66 64
66 35
66 2
66 36
66 33
66 124
66 18
66 65
66 105
66 91
66 4
66 4
66 99
66 4
66 113
66 99
66 33
66 45
66 49
66 90
66 28
66 3
66 64
66 112
66 117
66 30
66 54
66 19
66 66
66 21
66 123
66 50
66 8
66 110
66 78
66 105
66 33
66 95
66 23
66 26
66 97
66 26
66 40
67 11
67 53
67 25
67 16
67 105
67 117
67 71
67 49
67 23
67 78
67 106
67 54
67 92
67 28
67 64
67 38
67 79
67 119
67 75
67 4
67 120
67 43
67 22
67 10
67 94
67 66
67 102
67 89
67 54
67 2
67 102
67 35
67 47
67 93
67 99
67 19
67 51
67 68
67 54
67 53
67 21
67 127
67 115
67 62
67 11
67 92
67 84
67 61
67 76
67 40
67 7
67 69
67 25
67 33
67 58
67 22
67 102
67 51
67 64
67 89
68 16
68 42
68 36
68 93
68 32
68 6
68 95
68 56
68 127
68 86
68 81
68 3
68 50
68 39
68 44
68 50
68 93
68 47
68 34
68 124
68 67
68 15
68 25
68 59
68 12
68 94
68 95
68 124
68 120
68 126
68 11
68 100
68 70
68 84
68 121
68 57
68 102
68 90
68 7
68 72
68 71
68 85
68 69
68 95
68 67
68 103
68 1
68 3
68 42
68 8
68 24
68 89
68 18
68 82
68 56
68 104
68 72
68 67
68 16
68 120
68 45
69 56
69 9
69 66
69 127
69 30
69 38
69 35
69 86
69 103
69 9
69 49
69 36
69 71
69 111
69 83
69 6
69 19
69 63
69 65
69 19
69 76
69 38
69 113
69 113
69 57
69 116
69 74
69 48
69 11
69 60
69 41
69 15
69 93
69 19
69 10
69 59
69 126
69 68
69 29
69 105
69 44
69 85
69 27
69 123
69 66
69 120
69 86
69 44
69 39
69 51
69 10
69 127
69 16
69 78
69 92
69 103
69 82
69 59
69 64
69 124
70 1
70 109
70 88
70 31
70 65
70 83
70 78
70 46
70 26
70 48
70 92
70 100
70 42
70 39
70 5
70 22
70 21
70 59
70 93
70 109
70 49
70 44
70 59
70 71
70 123
70 99
70 41
70 32
70 10
70 107
70 50
70 71
70 19
70 18
70 46
70 122
70 72
70 115
70 118
70 117
70 36
70 16
70 99
70 7
70 55
70 3
70 33
70 2
70 11
70 19
70 96
70 64
70 70
70 75
70 68
70 104
70 32
70 79
70 96
71 21
71 23
71 59
71 109
71 113
71 58
71 21
71 101
71 66
71 107
71 3
71 87
71 71
71 25
71 95
71 62
71 119
71 10
71 93
71 118
71 76
71 107
71 125
71 69
71 1
71 104
71 99
71 58
71 47
71 111
71 61
71 85
71 39
71 60
71 67
71 58
71 119
71 31
71 112
71 83
71 111
71 66
71 20
71 50
71 32
71 72
71 51
71 9
71 58
71 53
71 32
71 61
71 86
71 120
71 90
71 10
71 27
71 26
71 35
71 123
71 28
71 60
71 65
71 123
71 22
71 33
72 51
72 81
72 106
72 93
72 106
72 35
72 49
72 48
72 32
72 46
72 72
72 32
72 103
72 123
72 18
72 73
72 75
72 21
72 112
72 118
72 10
72 59
72 112
72 35
72 52
72 82
72 105
72 111
72 83
72 31
72 32
72 100
72 126
72 71
72 113
72 50
72 91
72 28
72 9
72 109
72 35
72 97
72 122
72 17
72 33
72 51
72 114
72 63
72 4
72 82
72 33
72 1
72 4
72 73
73 46
73 46
73 85
73 68
73 99
73 92
73 76
73 123
73 86
73 27
73 102
73 121
73 60
73 15
73 94
73 7
73 75
73 39
73 55
73 27
73 87
73 68
73 126
73 12
73 13
73 101
73 106
73 18
73 62
73 16
73 37
73 101
73 73
73 103
73 3
73 68
73 30
73 73
73 72
73 40
73 36
73 69
73 121
73 70
73 48
73 4
73 9
73 89
73 20
73 34
73 114
73 15
73 124
73 19
73 8
73 10
73 28
73 42
73 59
73 122
73 127
73 17
73 47
73 115
74 101
74 96
74 106
74 2
74 4
74 113
74 1
74 11
74 126
74 33
74 99
74 42
74 101
74 39
74 107
74 11
74 29
74 41
74 59
74 36
74 74
74 92
74 88
74 66
74 38
74 40
74 109
74 12
74 124
74 38
74 114
74 42
74 87
74 51
74 99
74 1
74 60
74 69
74 40
74 44
74 106
74 124
74 47
74 35
74 115
74 64
74 98
74 107
74 115
74 23
74 31
74 67
74 107
74 101
74 5
74 87
75 27
75 70
75 94
75 126
75 72
75 123
75 8
75 18
75 92
75 108
75 39
75 116
75 1
75 114
75 34
75 16
75 58
75 35
75 127
75 63
75 27
75 83
75 16
75 92
75 40
75 119
75 72
75 105
75 41
75 40
75 31
75 52
75 118
75 115
75 8
75 72
75 40
75 52
75 60
75 7
75 119
75 99
75 39
75 74
75 59
75 45
75 68
75 8
75 42
75 44
75 32
75 53
75 11
75 67
75 69
75 82
75 116
75 21
75 4
75 83
76 22
76 9
76 58
76 26
76 120
76 113
76 102
76 79
76 54
76 53
76 119
76 21
76 76
76 55
76 100
76 118
76 43
76 86
76 16
76 126
76 94
76 81
76 24
76 80
76 16
76 76
76 42
76 82
76 110
76 26
76 84
76 94
76 37
76 105
76 61
76 122
76 83
76 122
76 64
76 106
76 117
76 11
76 124
76 89
76 26
76 9
76 78
76 93
76 51
76 16
76 58
76 7
76 24
76 12
76 109
76 2
76 84
76 86
76 111
76 108
77 126
77 58
77 23
77 80
77 23
77 50
77 10
77 47
77 124
77 1
77 116
77 32
77 68
77 35
77 121
77 1
77 117
77 109
77 6
77 111
77 24
77 45
77 76
77 63
77 61
77 105
77 17
77 21
77 121
77 6
77 22
77 6
77 59
77 14
77 16
77 13
77 32
77 25
77 66
77 99
77 79
77 75
77 104
77 59
77 86
77 42
77 122
77 74
77 29
77 73
77 9
77 14
77 84
77 30
77 87
77 44
77 18
77 68
77 55
77 111
78 112
78 22
78 44
78 56
78 66
78 37
78 53
78 34
78 103
78 7
78 51
78 32
78 45
78 78
78 6
78 57
78 40
78 86
78 77
78 4
78 51
78 35
78 83
78 25
78 43
78 119
78 120
78 31
78 78
78 34
78 12
78 21
78 33
78 41
78 127
78 2
78 83
78 13
78 20
78 15
78 127
78 45
78 3
78 117
78 124
78 37
78 97
78 58
78 39
78 102
78 13
78 125
78 42
78 33
78 75
78 115
78 23
78 59
78 126
78 110
78 21
78 2
79 86
79 46
79 47
79 32
79 119
79 15
79 117
79 106
79 14
79 40
79 120
79 37
79 92
79 46
79 78
79 118
79 85
79 67
79 52
79 26
79 127
79 122
79 56
79 6
79 75
79 113
79 73
79 11
79 106
79 111
79 6
79 43
79 124
79 95
79 63
79 118
79 112
79 92
79 53
79 30
79 85
79 63
79 68
79 91
79 21
79 121
79 22
79 89
79 69
79 114
79 81
79 71
79 3
79 29
79 51
79 78
79 55
79 100
80 75
80 123
80 18
80 24
80 48
80 118
80 5
80 15
80 122
80 65
80 90
80 18
80 86
80 38
80 71
80 125
80 20
80 45
80 1
80 111
80 114
80 22
80 122
80 55
80 92
80 98
80 106
80 96
80 105
80 67
80 1
80 64
80 9
80 30
80 24
80 87
80 101
80 59
80 19
80 16
80 42
80 86
80 2
80 32
80 14
80 117
80 75
80 109
80 70
80 40
80 94
80 40
80 22
80 14
80 62
80 21
80 64
80 74
80 4
80 10
80 79
80 22
81 8
81 109
81 75
81 115
81 77
81 5
81 91
81 59
81 71
81 23
81 111
81 108
81 97
81 48
81 30
81 97
81 103
81 73
81 9
81 33
81 24
81 106
81 62
81 55
81 92
81 44
81 82
81 99
81 53
81 94
81 105
81 51
81 126
81 50
81 105
81 44
81 113
81 106
81 35
81 125
81 31
81 58
81 43
81 92
81 76
81 87
81 74
81 106
81 93
81 7
81 29
81 58
81 26
81 8
81 16
81 66
81 10
81 34
81 98
81 46
82 7
82 98
82 21
82 123
82 122
82 6
82 19
82 49
82 91
82 25
82 104
82 73
82 30
82 28
82 95
82 83
82 2
82 45
82 113
82 102
82 66
82 21
82 66
82 48
82 68
82 26
82 122
82 90
82 91
82 118
82 70
82 68
82 76
82 90
82 98
82 66
82 85
82 37
82 87
82 105
82 10
82 96
82 18
82 93
82 123
82 16
82 36
82 29
82 80
82 32
82 98
82 65
82 35
82 38
82 13
82 25
82 84
82 47
82 86
83 70
83 25
83 2
83 100
83 13
83 110
83 4
83 126
83 69
83 4
83 13
83 109
83 102
83 120
83 17
83 41
83 65
83 123
83 111
83 6
83 110
83 127
83 27
83 92
83 67
83 85
83 49
83 41
83 7
83 103
83 39
83 84
83 103
83 30
83 9
83 11
83 116
83 34
83 107
83 61
83 115
83 42
83 34
83 122
83 94
83 88
83 32
83 81
83 120
83 82
83 97
83 80
83 18
83 77
83 68
83 34
83 95
83 52
83 41
83 63
84 24
84 88
84 33
84 57
84 17
84 1
84 5
84 36
84 89
84 100
84 54
84 54
84 51
84 94
84 83
84 102
84 112
84 53
84 21
84 37
84 26
84 60
84 15
84 4
84 1
84 56
84 41
84 93
84 70
84 52
84 123
84 64
84 109
84 83
84 93
84 24
84 119
84 98
84 20
84 73
84 5
84 96
84 126
84 2
84 32
84 66
84 127
84 3
84 45
84 54
84 61
84 7
84 60
84 64
84 111
84 32
84 66
84 17
84 95
84 117
84 71
84 104
84 1
84 98
84 85
85 60
85 95
85 7
85 41
85 84
85 115
85 50
85 41
85 99
85 18
85 89
85 99
85 94
85 73
85 117
85 124
85 108
85 121
85 28
85 45
85 39
85 14
85 4
85 84
85 56
85 121
85 125
85 44
85 30
85 74
85 117
85 64
85 82
85 46
85 2
85 71
85 108
85 28
85 64
85 32
85 82
85 73
85 34
85 96
85 7
85 31
85 90
85 71
85 34
85 24
85 77
85 4
85 68
85 26
86 15
86 107
86 76
86 17
86 100
86 126
86 47
86 80
86 113
86 29
86 2
86 114
86 71
86 9
86 9
86 77
86 106
86 42
86 50
86 15
86 105
86 114
86 107
86 53
86 110
86 72
86 6
86 56
86 31
86 76
86 61
86 34
86 17
86 80
86 92
86 87
86 100
86 95
86 47
86 124
86 106
86 16
86 19
86 32
86 125
86 36
86 62
86 125
86 45
86 114
86 38
86 22
86 71
86 1
86 56
86 17
86 1
86 26
86 115
86 56
87 55
87 16
87 76
87 74
87 19
87 116
87 11
87 44
87 65
87 121
87 4
87 6
87 6
87 41
87 40
87 84
87 49
87 41
87 62
87 97
87 62
87 91
87 76
87 52
87 2
87 101
87 109
87 114
87 39
87 107
87 92
87 40
87 51
87 106
87 55
87 37
87 91
87 40
87 65
87 54
87 87
87 27
87 88
87 5
87 60
87 113
87 124
87 34
87 20
87 48
87 88
87 80
87 99
87 55
87 37
87 13
87 66
87 65
87 45
87 50
88 54
88 73
88 64
88 123
88 6
88 34
88 121
88 48
88 110
88 100
88 54
88 42
88 53
88 35
88 115
88 102
88 46
88 9
88 53
88 5
88 9
88 38
88 56
88 115
88 59
88 56
88 30
88 10
88 109
88 125
88 63
88 44
88 96
88 75
88 105
88 71
88 47
88 122
88 120
88 26
88 70
88 55
88 88
88 102
88 100
88 42
88 78
88 98
88 122
88 82
88 37
88 108
88 116
88 38
88 47
88 26
88 91
88 30
88 11
88 100
88 78
89 61
89 78
89 27
89 1
89 127
89 55
89 72
89 53
89 15
89 68
89 101
89 19
89 120
89 62
89 22
89 106
89 18
89 2
89 80
89 122
89 127
89 91
89 20
89 81
89 53
89 21
89 29
89 82
89 92
89 57
89 74
89 7
89 83
89 10
89 78
89 19
89 53
89 58
89 66
89 53
89 57
89 5
89 120
89 24
89 91
89 38
89 8
89 66
89 52
89 34
89 122
89 98
89 17
89 16
89 53
89 23
89 74
89 88
89 24
90 99
90 70
90 82
90 63
90 15
90 12
90 114
90 20
90 83
90 43
90 72
90 121
90 28
90 64
90 9
90 67
90 72
90 116
90 99
90 87
90 61
90 95
90 109
90 118
90 84
90 1
90 14
90 48
90 85
90 68
90 6
90 73
90 75
90 50
90 115
90 21
90 100
90 2
90 39
90 67
90 102
90 89
90 90
90 116
90 54
90 97
90 4
90 31
90 126
90 111
90 121
90 25
90 6
90 111
90 35
90 101
90 125
90 55
90 93
90 73
90 24
91 86
91 79
91 67
91 33
91 81
91 31
91 22
91 35
91 35
91 41
91 111
91 120
91 95
91 24
91 62
91 11
91 43
91 27
91 75
91 85
91 20
91 96
91 40
91 48
91 57
91 38
91 85
91 117
91 28
91 77
91 118
91 112
91 74
91 23
91 40
91 30
91 54
91 125
91 115
91 29
91 26
91 67
91 25
91 20
91 120
91 125
91 127
91 68
91 32
91 107
91 58
91 125
91 107
91 91
91 11
91 124
91 119
91 41
91 89
91 112
91 92
92 108
92 1
92 18
92 91
92 4
92 2
92 17
92 113
92 87
92 79
92 104
92 30
92 112
92 13
92 65
92 72
92 14
92 93
92 98
92 85
92 127
92 34
92 76
92 48
92 9
92 30
92 17
92 96
92 14
92 54
92 123
92 69
92 81
92 88
92 48
92 46
92 104
92 24
92 100
92 100
92 15
92 75
92 119
92 11
92 114
92 33
92 104
92 79
92 118
92 4
92 102
92 16
92 33
92 31
92 1
92 77
92 121
92 63
92 11
92 2
93 103
93 87
93 105
93 59
93 68
93 125
93 109
93 109
93 41
93 38
93 126
93 39
93 10
93 20
93 39
93 92
93 17
93 49
93 41
93 122
93 120
93 67
93 48
93 99
93 107
93 32
93 11
93 112
93 29
93 126
93 86
93 58
93 54
93 5
93 79
93 54
93 123
93 23
93 43
93 122
93 117
93 15
93 114
93 92
93 52
93 86
93 89
93 101
93 85
93 127
93 2
93 118
93 44
93 24
93 69
93 22
93 48
93 108
94 83
94 96
94 42
94 7
94 23
94 77
94 76
94 18
94 23
94 40
94 13
94 24
94 58
94 75
94 14
94 75
94 61
94 6
94 63
94 28
94 39
94 87
94 46
94 5
94 32
94 26
94 37
94 97
94 40
94 48
94 120
94 109
94 55
94 97
94 42
94 63
94 122
94 42
94 53
94 82
94 78
94 114
94 11
94 83
94 60
94 125
94 9
94 53
94 25
94 76
94 74
94 28
94 69
94 26
94 68
94 53
94 127
94 14
94 63
94 22
94 102
94 114
95 7
95 46
95 33
95 74
95 67
95 50
95 12
95 3
95 68
95 36
95 63
95 110
95 122
95 97
95 40
95 101
95 81
95 3
95 41
95 56
95 91
95 20
95 7
95 118
95 104
95 37
95 2
95 21
95 66
95 45
95 29
95 124
95 65
95 15
95 63
95 21
95 18
95 38
95 98
95 119
95 63
95 110
95 120
95 127
95 105
95 16
95 62
95 103
95 76
95 114
95 64
95 32
95 126
95 14
95 18
95 63
95 6
95 12
96 114
96 124
96 83
96 107
96 1
96 19
96 67
96 99
96 94
96 99
96 14
96 12
96 21
96 116
96 97
96 101
96 64
96 34
96 113
96 115
96 75
96 83
96 39
96 62
96 84
96 120
96 28
96 79
96 110
96 78
96 123
96 63
96 33
96 122
96 20
96 83
96 47
96 44
96 45
96 88
96 15
96 79
96 11
96 90
96 5
96 15
96 68
96 32
96 27
96 42
96 115
96 25
96 32
96 51
96 111
96 3
96 53
96 84
96 61
96 95
96 70
97 27
97 83
97 18
97 117
97 22
97 34
97 29
97 114
97 96
97 5
97 80
97 121
97 56
97 98
97 45
97 86
97 11
97 25
97 107
97 122
97 47
97 42
97 48
97 100
97 96
97 89
97 63
97 1
97 87
97 113
97 56
97 73
97 76
97 24
97 58
97 29
97 25
97 60
97 88
97 10
97 99
97 7
97 8
97 96
97 125
97 94
97 61
97 88
97 51
97 31
97 3
97 11
97 47
97 3
97 22
97 50
97 42
97 55
97 26
98 3
98 105
98 110
98 127
98 68
98 80
98 52
98 40
98 37
98 41
98 124
98 60
98 58
98 70
98 110
98 121
98 72
98 7
98 113
98 83
98 31
98 119
98 96
98 118
98 30
98 46
98 60
98 11
98 61
98 71
98 29
98 42
98 121
98 3
98 99
98 100
98 61
98 92
98 65
98 104
98 67
98 111
98 94
98 40
98 78
98 51
98 1
98 115
98 34
98 125
98 78
98 23
98 62
98 126
98 25
98 45
98 117
98 31
98 126
98 19
99 76
99 36
99 2
99 124
99 58
99 26
99 94
99 118
99 109
99 8
99 49
99 93
99 63
99 39
99 41
99 82
99 86
99 94
99 95
99 76
99 127
99 40
99 120
99 124
99 11
99 37
99 104
99 120
99 64
99 71
99 39
99 86
99 86
99 98
99 24
99 99
99 119
99 49
99 125
99 110
99 64
99 5
99 114
99 60
99 65
99 84
99 73
99 64
99 37
99 77
99 36
99 109
99 62
99 111
99 18
99 17
99 46
99 111
99 36
99 78
99 97
100 123
100 13
100 79
100 23
100 127
100 3
100 66
100 77
100 102
100 121
100 51
100 58
100 48
100 81
100 110
100 57
100 118
100 3
100 42
100 48
100 116
100 116
100 123
100 5
100 96
100 28
100 121
100 3
100 92
100 84
100 80
100 21
100 82
100 51
100 1
100 106
100 21
100 56
100 124
100 116
100 52
100 112
100 60
100 41
100 33
100 15
100 107
100 102
100 106
100 20
100 81
100 35
100 52
100 53
100 50
100 48
100 54
100 52
100 64
101 59
101 47
101 102
101 39
101 38
101 102
101 95
101 106
101 65
101 117
101 61
101 113
101 47
101 11
101 98
101 70
101 48
101 121
101 5
101 36
101 90
101 95
101 63
101 110
101 70
101 44
101 66
101 95
101 3
101 4
101 67
101 2
101 92
101 37
101 27
101 36
101 40
101 72
101 3
101 60
101 99
101 101
101 9
101 7
101 40
101 40
101 90
101 84
101 106
101 33
101 89
101 122
101 19
101 87
101 2
101 21
101 104
101 11
101 17
101 48
101 24
102 117
102 125
102 66
102 109
102 103
102 47
102 96
102 75
102 79
102 1
102 71
102 68
102 34
102 39
102 52
102 107
102 119
102 85
102 64
102 10
102 53
102 122
102 15
102 70
102 82
102 117
102 25
102 9
102 68
102 27
102 8
102 68
102 41
102 12
102 114
102 23
102 6
102 46
102 80
102 19
102 95
102 113
102 39
102 100
102 40
102 9
102 114
102 99
102 72
102 123
102 11
102 118
102 7
102 63
102 75
102 106
102 17
102 95
102 51
102 107
102 18
103 3
103 29
103 30
103 92
103 94
103 16
103 118
103 86
103 14
103 72
103 94
103 89
103 28
103 76
103 113
103 39
103 9
103 91
103 85
103 34
103 34
103 97
103 12
103 61
103 80
103 4
103 30
103 123
103 54
103 15
103 44
103 103
103 109
103 65
103 12
103 63
103 117
103 16
103 97
103 13
103 117
103 14
103 45
103 67
103 40
103 70
103 40
103 115
103 25
103 80
103 48
103 22
103 94
103 3
103 38
103 13
103 100
103 64
103 27
104 4
104 76
104 91
104 40
104 42
104 57
104 76
104 40
104 38
104 89
104 109
104 88
104 56
104 84
104 99
104 35
104 51
104 59
104 75
104 108
104 57
104 102
104 123
104 121
104 78
104 31
104 57
104 22
104 80
104 66
104 50
104 62
104 52
104 15
104 74
104 26
104 77
104 54
104 24
104 106
104 22
104 44
104 107
104 29
104 118
104 85
104 23
104 44
104 103
104 19
104 29
104 75
104 82
104 54
104 106
104 95
104 74
104 77
104 15
105 112
105 52
105 26
105 66
105 120
105 8
105 60
105 116
105 25
105 113
105 113
105 109
105 1
105 64
105 32
105 120
105 110
105 73
105 90
105 22
105 15
105 4
105 74
105 70
105 49
105 100
105 59
105 12
105 43
105 125
105 43
105 20
105 108
105 10
105 64
105 25
105 43
105 22
105 23
105 53
105 106
105 111
105 104
105 96
105 114
105 115
105 41
105 29
105 44
105 45
105 87
105 121
105 89
105 90
105 28
105 16
105 17
105 127
105 85
105 65
105 103
106 77
106 21
106 44
106 27
106 78
106 102
106 15
106 16
106 105
106 64
106 48
106 47
106 115
106 32
106 81
106 29
106 12
106 123
106 57
106 45
106 127
106 47
106 81
106 94
106 51
106 56
106 122
106 105
106 45
106 65
106 35
106 36
106 26
106 15
106 59
106 95
106 34
106 91
106 39
106 122
106 2
106 28
106 89
106 25
106 73
106 59
106 37
106 23
106 16
106 62
106 37
106 47
106 63
106 45
106 55
106 20
106 74
106 9
106 111
107 36
107 3
107 31
107 94
107 3
107 122
107 85
107 52
107 95
107 14
107 125
107 32
107 38
107 120
107 49
107 83
107 43
107 37
107 26
107 88
107 94
107 87
107 60
107 115
107 2
107 110
107 125
107 84
107 107
107 57
107 69
107 98
107 79
107 100
107 82
107 96
107 5
107 56
107 75
107 33
107 48
107 30
107 37
107 92
107 47
107 90
107 115
107 17
107 47
107 41
107 44
107 79
107 43
107 11
107 108
107 9
107 82
107 127
107 63
107 61
108 20
108 89
108 94
108 95
108 84
108 25
108 84
108 24
108 42
108 6
108 103
108 1
108 127
108 120
108 3
108 13
108 26
108 119
108 111
108 7
108 30
108 39
108 86
108 52
108 120
108 4
108 43
108 89
108 108
108 30
108 58
108 97
108 90
108 97
108 4
108 104
108 106
108 72
108 123
108 102
108 29
108 20
108 123
108 98
108 114
108 54
108 12
108 27
108 126
108 38
108 89
108 79
108 38
108 98
108 21
108 61
108 20
108 32
108 8
108 1
109 55
109 43
109 59
109 85
109 32
109 99
109 79
109 116
109 53
109 6
109 69
109 86
109 35
109 119
109 63
109 89
109 71
109 71
109 65
109 80
109 88
109 73
109 59
109 102
109 76
109 75
109 109
109 39
109 101
109 6
109 2
109 127
109 19
109 84
109 71
109 57
109 39
109 127
109 102
109 37
109 74
109 85
109 27
109 43
109 109
109 83
109 9
109 55
109 59
109 75
109 124
109 91
109 118
109 29
109 93
109 56
109 59
109 73
109 14
109 85
110 97
110 116
110 81
110 35
110 68
110 113
110 106
110 113
110 123
110 13
110 70
110 11
110 102
110 77
110 32
110 111
110 116
110 20
110 67
110 84
110 40
110 57
110 54
110 54
110 20
110 43
110 65
110 31
110 9
110 30
110 41
110 16
110 52
110 58
110 64
110 89
110 126
110 35
110 33
110 5
110 76
110 68
110 11
110 58
110 45
110 73
110 96
110 43
110 30
110 104
110 100
110 119
110 23
110 40
110 38
110 115
110 69
110 81
110 113
110 108
111 4
111 23
111 20
111 79
111 80
111 79
111 119
111 115
111 98
111 120
111 98
111 38
111 87
111 103
111 41
111 119
111 54
111 124
111 61
111 69
111 126
111 4
111 58
111 36
111 95
111 64
111 58
111 19
111 113
111 21
111 37
111 75
111 11
111 46
111 21
111 126
111 111
111 50
111 107
111 27
111 79
111 114
111 58
111 71
111 117
111 23
111 79
111 51
111 95
111 127
111 5
111 7
111 23
111 109
111 120
111 81
111 49
111 5
111 1
111 13
111 61
112 47
112 96
112 102
112 22
112 17
112 29
112 50
112 117
112 29
112 68
112 111
112 99
112 73
112 23
112 59
112 82
112 1
112 74
112 44
112 64
112 29
112 68
112 20
112 109
112 106
112 103
112 91
112 42
112 69
112 14
112 16
112 73
112 127
112 122
112 86
112 19
112 55
112 44
112 40
112 4
112 54
112 23
112 54
112 85
112 123
112 115
112 35
112 48
112 54
112 50
112 86
112 113
112 35
112 111
112 86
112 34
112 37
112 3
112 56
112 127
113 12
113 48
113 104
113 114
113 44
113 55
113 41
113 88
113 32
113 18
113 31
113 69
113 66
113 67
113 12
113 35
113 21
113 89
113 20
113 112
113 52
113 87
113 80
113 48
113 1
113 116
113 6
113 93
113 43
113 8
113 26
113 47
113 32
113 14
113 67
113 91
113 45
113 32
113 77
113 14
113 30
113 6
113 54
113 126
113 75
113 11
113 88
113 114
113 115
113 7
113 71
113 118
113 95
113 105
113 7
113 93
113 62
113 121
113 60
113 50
113 124
113 10
114 114
114 126
114 28
114 107
114 57
114 28
114 84
114 10
114 105
114 126
114 42
114 64
114 37
114 33
114 82
114 66
114 44
114 39
114 116
114 32
114 19
114 106
114 14
114 104
114 59
114 19
114 109
114 118
114 29
114 120
114 112
114 109
114 39
114 60
114 18
114 7
114 10
114 11
114 49
114 82
114 53
114 34
114 22
114 46
114 61
114 109
114 121
114 126
114 13
114 6
114 84
114 72
114 13
114 24
114 108
114 26
114 42
114 32
114 97
114 117
114 70
115 62
115 121
115 20
115 44
115 1
115 26
115 70
115 4
115 115
115 42
115 64
115 87
115 84
115 40
115 118
115 64
115 101
115 56
115 120
115 114
115 62
115 39
115 73
115 67
115 88
115 118
115 106
115 1
115 34
115 29
115 18
115 6
115 94
115 65
115 55
115 75
115 13
115 103
115 74
115 70
115 3
115 56
115 119
115 61
115 63
115 57
115 10
115 95
115 77
115 23
115 103
115 3
115 12
115 36
115 72
115 57
115 57
115 55
116 51
116 118
116 60
116 9
116 32
116 103
116 107
116 90
116 52
116 57
116 74
116 64
116 119
116 89
116 119
116 121
116 22
116 57
116 94
116 73
116 108
116 9
116 17
116 51
116 81
116 52
116 15
116 44
116 49
116 22
116 86
116 68
116 64
116 110
116 2
116 81
116 127
116 52
116 20
116 16
116 5
116 12
116 50
116 17
116 93
116 127
116 14
116 103
116 84
116 50
116 93
116 58
116 58
116 82
116 93
116 100
116 113
116 46
116 39
116 47
117 6
117 81
117 79
117 33
117 41
117 102
117 64
117 127
117 126
117 66
117 121
117 90
117 92
117 118
117 58
117 51
117 21
117 25
117 16
117 18
117 15
117 48
117 87
117 90
117 41
117 22
117 38
117 29
117 8
117 107
117 22
117 115
117 70
117 1
117 126
117 42
117 66
117 50
117 81
117 9
117 10
117 22
117 59
117 61
117 75
117 39
117 114
117 127
117 96
117 85
117 72
117 95
117 34
117 58
117 109
117 37
117 37
117 126
117 116
118 34
118 9
118 109
118 74
118 78
118 86
118 16
118 65
118 125
118 71
118 81
118 90
118 113
118 119
118 116
118 49
118 120
118 50
118 29
118 43
118 107
118 116
118 120
118 47
118 44
118 65
118 95
118 119
118 106
118 83
118 102
118 68
118 100
118 87
118 120
118 71
118 14
118 113
118 122
118 124
118 106
118 28
118 123
118 84
118 36
118 54
118 120
118 41
118 114
118 58
118 17
118 34
118 93
118 24
118 31
118 119
118 124
118 7
118 57
118 35
119 48
119 73
119 6
119 46
119 67
119 70
119 94
119 84
119 50
119 8
119 34
119 75
119 52
119 10
119 60
119 49
119 72
119 46
119 99
119 14
119 47
119 65
119 93
119 37
119 27
119 9
119 94
119 74
119 113
119 44
119 110
119 53
119 100
119 82
119 47
119 21
119 75
119 60
119 54
119 7
119 3
119 106
119 93
119 86
119 11
119 47
119 85
119 15
119 40
119 125
119 53
119 15
119 112
119 84
119 82
119 81
119 81
119 127
119 4
120 9
120 83
120 17
120 73
120 99
120 40
120 81
120 76
120 27
120 73
120 33
120 86
120 10
120 26
120 49
120 120
120 12
120 79
120 49
120 84
120 47
120 61
120 57
120 25
120 65
120 18
120 72
120 86
120 79
120 67
120 99
120 102
120 93
120 122
120 5
120 107
120 1
120 58
120 8
120 36
120 33
120 50
120 74
120 113
120 45
120 101
120 52
120 47
120 34
120 94
120 72
120 106
120 18
120 43
120 105
120 113
120 41
120 68
120 92
120 127
121 114
121 69
121 87
121 13
121 90
121 62
121 37
121 85
121 108
121 10
121 42
121 31
121 42
121 117
121 55
121 8
121 62
121 82
121 41
121 119
121 53
121 56
121 120
121 72
121 81
121 108
121 65
121 1
121 71
121 114
121 106
121 38
121 103
121 109
121 34
121 68
121 20
121 27
121 40
121 7
121 19
121 100
121 102
121 14
121 100
121 31
121 24
121 53
121 119
121 65
121 93
121 12
121 43
121 62
121 75
121 87
121 37
121 48
121 94
121 38
121 113
122 76
122 13
122 98
122 33
122 72
122 83
122 52
122 105
122 18
122 38
122 82
122 126
122 15
122 10
122 96
122 15
122 30
122 23
122 21
122 126
122 7
122 29
122 116
122 62
122 20
122 28
122 117
122 124
122 64
122 39
122 40
122 122
122 1
122 67
122 95
122 10
122 109
122 93
122 17
122 54
122 126
122 73
122 60
122 49
122 103
122 24
122 80
122 17
122 89
122 94
122 103
122 27
122 30
122 122
122 80
122 35
122 72
122 14
122 87
123 50
123 90
123 83
123 73
123 74
123 23
123 122
123 95
123 10
123 3
123 124
123 14
123 82
123 21
123 117
123 58
123 5
123 33
123 118
123 119
123 104
123 109
123 98
123 71
123 19
123 121
123 98
123 71
123 75
123 3
123 115
123 120
123 98
123 16
123 45
123 35
123 85
123 99
123 32
123 78
123 105
123 74
123 101
123 2
123 43
123 82
123 108
123 65
123 91
123 8
123 95
123 42
123 49
123 40
123 12
123 41
123 18
123 77
123 8
123 32
124 112
124 23
124 48
124 58
124 64
124 93
124 118
124 42
124 102
124 26
124 89
124 78
124 110
124 119
124 52
124 44
124 103
124 5
124 71
124 72
124 100
124 3
124 61
124 87
124 106
124 31
124 92
124 42
124 123
124 90
124 48
124 46
124 48
124 41
124 81
124 4
124 88
124 123
124 79
124 12
124 111
124 121
124 98
124 100
124 103
124 41
124 105
124 71
124 6
124 74
124 81
124 19
124 64
124 121
124 44
124 56
124 92
124 60
124 26
124 13
125 96
125 116
125 120
125 99
125 110
125 81
125 28
125 110
125 72
125 52
125 14
125 96
125 51
125 66
125 96
125 54
125 92
125 7
125 73
125 8
125 18
125 103
125 57
125 92
125 44
125 55
125 100
125 88
125 91
125 11
125 23
125 90
125 74
125 100
125 109
125 5
125 62
125 67
125 59
125 22
125 18
125 122
125 96
125 17
125 108
125 73
125 54
125 90
125 98
125 75
125 34
125 59
125 4
125 79
125 7
125 87
125 116
125 55
125 120
125 61
126 119
126 124
126 66
126 127
126 33
126 52
126 100
126 13
126 75
126 102
126 69
126 49
126 96
126 31
126 79
126 22
126 22
126 45
126 3
126 119
126 35
126 111
126 103
126 55
126 72
126 32
126 14
126 52
126 50
126 127
126 49
126 53
126 9
126 113
126 63
126 95
126 72
126 111
126 42
126 36
126 107
126 76
126 72
126 83
126 102
126 82
126 60
126 109
126 100
126 23
126 94
126 42
126 123
126 120
126 59
126 109
126 56
126 22
126 81
126 66
126 24
126 91
127 35
127 95
127 115
127 115
127 93
127 80
127 121
127 46
127 107
127 113
127 105
127 78
127 51
127 93
127 116
127 8
127 51
127 57
127 72
127 62
127 54
127 27
127 74
127 12
127 106
127 12
127 60
127 122
127 125
127 54
127 72
127 36
127 76