2 22
5 22
5 43
5 30
5 36
5 76
5 123
5 72
5 118
5 70
5 105
5 84
5 37
5 108
5 115
5 69
5 52
5 53
5 51
5 120
5 72
5 42
5 108
5 64
5 119
5 125
5 37
5 8
5 64
5 127
5 49
5 5
5 20
5 126
5 17
5 105
5 5
5 116
5 94
5 45
5 5
5 33
5 119
5 102
5 126
5 18
5 120
5 106
5 94
5 36
5 53
5 25
5 13
5 67
5 2
5 30
5 89
5 122
5 112
5 120
5 17
5 90
5 18
6 102
6 114
6 87
6 84
6 47
6 95
6 82
6 23
6 4
6 16
6 40
6 82
6 29
6 43
6 67
6 127
6 35
6 19
6 27
6 29
6 43
6 3
6 82
6 23
6 9
6 121
6 9
6 100
6 58
6 64
6 70
6 60
6 35
6 15
6 101
6 125
6 126
6 11
6 35
6 76
6 91
6 93
6 32
6 121
6 11
6 121
6 56
6 1
6 41
6 50
6 58
6 108
6 127
6 39
6 11
6 34
6 112
6 1
6 17
7 74
7 94
7 84
7 83
7 46
7 3
7 59
7 41
7 72
7 114
7 8
7 59
7 101
7 116
7 63
7 120
7 127
7 63
7 108
7 51
7 87
7 116
7 11
7 116
7 84
7 62
7 10
7 6
7 107
7 99
7 67
7 108
7 101
7 25
7 112
7 125
7 47
7 55
7 123
7 68
7 105
7 100
7 11
7 127
7 59
7 61
7 80
7 66
7 123
7 104
7 35
7 88
7 67
7 40
7 81
7 108
7 8
7 91
7 44
7 45
8 112
8 36
8 52
8 16
8 99
8 29
8 93
8 125
8 28
8 14
8 35
8 99
8 85
8 120
8 10
8 1
8 34
8 7
8 100
8 119
8 41
8 81
8 95
8 24
8 27
8 28
8 86
8 102
8 41
8 54
8 69
8 82
8 62
8 116
8 86
8 126
8 86
8 58
8 50
8 121
8 44
8 110
8 56
8 107
8 17
8 89
8 67
8 98
8 101
8 28
8 81
8 93
8 78
8 37
8 73
8 24
8 74
8 78
8 93
8 93
9 115
9 108
9 26
9 41
9 119
9 125
9 72
9 79
9 42
9 38
9 51
9 19
9 67
9 115
9 72
9 86
9 7
9 13
9 81
9 2
9 102
9 93
9 83
9 29
9 55
9 11
9 27
9 102
9 29
9 48
9 120
9 83
9 74
9 1
9 9
9 49
9 104
9 6
9 45
9 7
9 59
9 7
9 23
9 49
9 120
9 125
9 86
9 50
9 112
9 109
9 5
9 91
9 15
9 12
9 6
9 105
9 56
9 86
9 84
9 64
10 83
10 52
10 65
10 10
10 76
10 43
10 84
10 51
10 98
10 77
10 12
10 53
10 57
10 123
10 7
10 68
10 97
10 44
10 99
10 55
10 83
10 74
10 98
10 29
10 46
10 57
10 17
10 55
10 87
10 64
10 44
10 112
10 1
10 42
10 106
10 78
10 117
10 40
10 29
10 98
10 47
10 108
10 92
10 33
10 99
10 87
10 51
10 34
10 22
10 116
10 64
10 105
10 98
10 90
10 99
10 24
10 43
10 60
10 30
10 6
10 54
10 119
11 117
11 23
11 27
11 101
11 47
11 33
11 21
11 1
11 13
11 42
11 39
11 92
11 84
11 32
11 64
11 29
11 43
11 36
11 15
11 98
11 50
11 88
11 38
11 64
11 119
11 67
11 87
11 6
11 111
11 77
11 70
11 100
11 52
11 28
11 120
11 50
11 110
11 101
11 121
11 104
11 8
11 122
11 49
11 79
11 76
11 107
11 50
11 66
11 126
11 127
11 95
11 65
11 66
11 26
11 3
11 1
11 93
11 111
12 62
12 77
12 113
12 107
12 14
12 48
12 2
12 121
12 11
12 121
12 58
12 88
12 53
12 99
12 94
12 42
12 38
12 81
12 38
12 105
12 57
12 22
12 35
12 14
12 107
12 13
12 113
12 4
12 65
12 115
12 63
12 91
12 39
12 14
12 3
12 48
12 24
12 7
12 34
12 121
12 73
12 14
12 82
12 104
12 98
12 78
12 107
12 89
12 98
12 25
12 39
12 48
12 91
12 21
12 22
12 79
12 39
12 101
12 79
12 108
12 3
13 23
13 53
13 100
13 108
13 59
13 89
13 62
13 15
13 90
13 27
13 51
13 59
13 113
13 44
13 105
13 15
13 107
13 52
13 106
13 56
13 44
13 32
13 59
13 45
13 126
13 112
13 62
13 79
13 112
13 54
13 101
13 101
13 124
13 97
13 11
13 34
13 2
13 13
13 43
13 6
13 42
13 5
13 77
13 100
13 55
13 110
13 98
13 108
13 11
13 102
13 125
13 113
13 87
13 81
13 86
13 46
13 9
13 73
13 114
13 38
14 11
14 119
14 107
14 2
14 85
14 48
14 83
14 120
14 31
14 68
14 54
14 59
14 73
14 47
14 74
14 40
14 66
14 122
14 124
14 16
14 31
14 3
14 88
14 103
14 108
14 65
14 32
14 53
14 52
14 49
14 127
14 19
14 126
14 94
14 108
14 94
14 71
14 29
14 71
14 51
14 11
14 7
14 88
14 94
14 126
14 26
14 20
14 110
14 29
14 29
14 59
14 76
14 110
14 73
14 51
14 59
14 54
14 71
14 112
15 32
15 50
15 118
15 97
15 7
15 61
15 72
15 19
15 74
15 29
15 25
15 124
15 13
15 24
15 67
15 13
15 50
15 9
15 96
15 11
15 109
15 43
15 116
15 21
15 2
15 92
15 46
15 11
15 3
15 26
15 29
15 21
15 116
15 42
15 127
15 64
15 12
15 123
15 90
15 43
15 70
15 102
15 71
15 36
15 117
15 80
15 21
15 80
15 73
15 3
15 89
15 33
15 50
15 71
15 100
15 42
15 64
15 67
15 49
15 54
16 5
16 37
16 25
16 64
16 29
16 116
16 44
16 35
16 26
16 19
16 62
16 28
16 66
16 78
16 85
16 58
16 47
16 107
16 23
16 20
16 54
16 1
16 63
16 84
16 88
16 102
16 57
16 1
16 97
16 75
16 62
16 76
16 34
16 82
16 35
16 30
16 53
16 122
16 74
16 79
16 92
16 122
16 93
16 68
16 125
16 4
16 95
16 127
16 39
16 97
16 107
16 2
16 103
16 48
16 63
16 31
16 106
16 48
16 30
16 122
17 76
17 37
17 14
17 5
17 56
17 25
17 79
17 73
17 9
17 122
17 34
17 84
17 15
17 104
17 28
17 80
17 94
17 105
17 11
17 89
17 52
17 108
17 109
17 54
17 31
17 2
17 127
17 85
17 125
17 77
17 43
17 67
17 110
17 114
17 56
17 125
17 96
17 47
17 2
17 67
17 113
17 99
17 21
17 125
17 16
17 86
17 66
17 13
17 110
17 53
17 33
17 78
17 72
17 108
17 82
17 46
17 66
17 92
17 53
17 41
17 52
17 113
18 14
18 79
18 101
18 117
18 46
18 74
18 125
18 100
18 39
18 47
18 23
18 70
18 4
18 57
18 54
18 50
18 65
18 56
18 88
18 56
18 64
18 111
18 28
18 48
18 109
18 14
18 98
18 94
18 42
18 39
18 48
18 83
18 68
18 29
18 6
18 15
18 45
18 8
18 100
18 52
18 126
18 65
18 45
18 97
18 84
18 112
18 95
18 2
18 56
18 70
18 94
18 40
18 49
18 32
18 118
18 6
18 35
18 114
19 81
19 57
19 6
19 46
19 114
19 87
19 76
19 24
19 65
19 15
19 113
19 7
19 63
19 62
19 11
19 73
19 88
19 30
19 91
19 55
19 18
19 75
19 57
19 29
19 28
19 126
19 120
19 27
19 122
19 57
19 84
19 5
19 118
19 115
19 75
19 27
19 21
19 65
19 126
19 48
19 35
19 92
19 85
19 98
19 80
19 8
19 107
19 89
19 27
19 96
19 101
19 21
19 123
19 30
19 96
19 59
19 115
19 30
19 27
19 38
20 121
20 51
20 21
20 89
20 113
20 63
20 127
20 7
20 58
20 115
20 18
20 90
20 102
20 89
20 67
20 47
20 118
20 31
20 74
20 22
20 49
20 65
20 78
20 7
20 46
20 64
20 51
20 11
20 31
20 124
20 46
20 45
20 80
20 61
20 72
20 126
20 54
20 88
20 49
20 85
20 90
20 1
20 86
20 111
20 59
20 52
20 98
20 127
20 70
20 112
20 111
20 75
20 34
20 76
20 36
20 89
20 69
20 109
20 93
20 127
21 64
21 75
21 121
21 91
21 3
21 113
21 64
21 22
21 59
21 4
21 74
21 20
21 27
21 3
21 46
21 113
21 98
21 33
21 19
21 118
21 27
21 44
21 36
21 51
21 67
21 40
21 75
21 124
21 8
21 12
21 31
21 115
21 2
21 49
21 98
21 21
21 5
21 54
21 65
21 97
21 82
21 35
21 50
21 126
21 16
21 119
21 23
21 50
21 39
21 17
21 59
21 70
21 48
21 26
21 45
21 110
21 125
21 64
21 106
21 34
22 40
22 26
22 47
22 50
22 83
22 87
22 86
22 85
22 112
22 27
22 9
22 107
22 84
22 112
22 44
22 25
22 13
22 57
22 75
22 109
22 69
22 93
22 70
22 53
22 106
22 60
22 113
22 86
22 112
22 11
22 43
22 87
22 13
22 119
22 8
22 51
22 54
22 40
22 29
22 119
22 21
22 4
22 61
22 62
22 2
22 115
22 49
22 114
22 95
22 93
22 13
22 24
22 55
22 99
22 18
22 69
22 123
22 114
22 114
22 41
23 46
23 123
23 71
23 104
23 47
23 98
23 23
23 36
23 61
23 6
23 54
23 65
23 38
23 3
23 80
23 60
23 15
23 64
23 1
23 122
23 124
23 66
23 25
23 116
23 47
23 55
23 96
23 126
23 117
23 46
23 65
23 49
23 73
23 69
23 105
23 127
23 55
23 59
23 58
23 9
23 97
23 110
23 106
23 25
23 33
23 66
23 78
23 37
23 113
23 20
23 94
23 71
23 97
23 20
23 92
23 81
23 79
23 106
23 52
23 12
23 102
23 37
23 90
24 30
24 71
24 68
24 35
24 90
24 93
24 32
24 73
24 60
24 26
24 84
24 109
24 37
24 75
24 43
24 99
24 55
24 53
24 111
24 29
24 3
24 43
24 91
24 82
24 18
24 103
24 123
24 43
24 64
24 111
24 6
24 27
24 22
24 41
24 15
24 72
24 98
24 96
24 17
24 52
24 1
24 125
24 123
24 21
24 38
24 39
24 77
24 92
24 37
24 94
24 111
24 41
24 43
24 117
24 53
24 55
24 49
25 10
25 10
25 112
25 108
25 63
25 11
25 20
25 86
25 71
25 1
25 77
25 45
25 23
25 84
25 41
25 24
25 40
25 17
25 122
25 71
25 22
25 89
25 76
25 42
25 64
25 31
25 3
25 32
25 124
25 86
25 1
25 107
25 126
25 65
25 18
25 72
25 57
25 99
25 111
25 119
25 84
25 88
25 24
25 43
25 17
25 27
25 19
25 96
25 118
25 57
25 107
25 64
25 87
25 20
25 68
25 94
25 50
25 2
25 114
25 73
25 68
25 43
26 40
26 39
26 40
26 58
26 87
26 51
26 50
26 29
26 2
26 6
26 74
26 111
26 1
26 35
26 116
26 45
26 62
26 108
26 95
26 109
26 113
26 121
26 91
26 44
26 15
26 44
26 64
26 70
26 120
26 97
26 57
26 95
26 57
26 110
26 72
26 48
26 4
26 93
26 67
26 80
26 63
26 36
26 32
26 119
26 112
26 39
26 11
26 28
26 46
26 98
26 50
26 83
26 21
26 113
26 40
26 110
26 74
26 103
27 107
27 112
27 27
27 40
27 4
27 95
27 54
27 88
27 23
27 84
27 109
27 105
27 84
27 34
27 21
27 98
27 34
27 29
27 58
27 121
27 43
27 52
27 60
27 63
27 18
27 82
27 40
27 38
27 114
27 112
27 19
27 111
27 5
27 104
27 88
27 100
27 62
27 64
27 14
27 76
27 62
27 125
27 78
27 83
27 106
27 35
27 126
27 99
27 53
27 96
27 120
27 86
27 89
27 79
27 28
27 38
27 25
27 114
27 5
27 120
28 54
28 7
28 1
28 29
28 21
28 116
28 73
28 124
28 49
28 108
28 25
28 113
28 106
28 79
28 45
28 9
28 77
28 53
28 48
28 118
28 38
28 100
28 52
28 7
28 117
28 86
28 75
28 44
28 22
28 29
28 82
28 4
28 21
28 107
28 34
28 94
28 103
28 19
28 64
28 15
28 104
28 11
28 42
28 120
28 13
28 87
28 31
28 74
28 67
28 102
28 49
28 15
28 12
28 23
28 53
28 11
28 5
28 75
28 24
28 111
29 84
29 124
29 98
29 50
29 21
29 56
29 18
29 109
29 27
29 126
29 9
29 31
29 102
29 112
29 125
29 38
29 8
29 125
29 127
29 86
29 127
29 50
29 63
29 69
29 48
29 80
29 31
29 25
29 31
29 101
29 75
29 86
29 103
29 72
29 49
29 120
29 41
29 22
29 55
29 52
29 4
29 81
29 77
29 23
29 46
29 77
29 48
29 106
29 80
29 60
29 57
29 86
29 67
29 86
29 49
29 15
29 36
29 124
29 35
29 35
29 126
29 77
30 54
30 66
30 71
30 6
30 99
30 100
30 124
30 61
30 126
30 70
30 5
30 43
30 37
30 80
30 71
30 1
30 49
30 39
30 101
30 78
30 101
30 55
30 91
30 120
30 41
30 56
30 24
30 77
30 27
30 94
30 114
30 38
30 51
30 49
30 86
30 35
30 70
30 53
30 101
30 60
30 13
30 34
30 38
30 60
30 1
30 40
30 60
30 17
30 57
30 26
30 84
30 69
30 46
30 48
30 58
30 120
30 71
30 97
30 8
30 76
30 66
30 83
31 117
31 25
31 80
31 26
31 46
31 6
31 36
31 29
31 68
31 46
31 39
31 102
31 91
31 53
31 2
31 62
31 53
31 62
31 109
31 30
31 78
31 69
31 70
31 63
31 20
31 51
31 104
31 97
31 46
31 109
31 115
31 44
31 82
31 120
31 38
31 73
31 14
31 89
31 29
31 105
31 99
31 111
31 64
31 120
31 59
31 7
31 24
31 49
31 97
31 45
31 15
31 18
31 11
31 43
31 121
31 73
31 111
32 27
32 100
32 117
32 84
32 73
32 38
32 59
32 55
32 35
32 85
32 38
32 24
32 43
32 19
32 80
32 102
32 106
32 83
32 108
32 97
32 117
32 55
32 14
32 109
32 33
32 72
32 30
32 20
32 104
32 127
32 50
32 36
32 86
32 2
32 103
32 124
32 97
32 25
32 41
32 84
32 24
32 93
32 85
32 60
32 101
32 112
32 33
32 120
32 13
32 3
32 61
32 86
32 9
32 20
32 98
32 92
32 101
32 12
32 12
33 38
33 34
33 122
33 28
33 32
33 80
33 23
33 126
33 7
33 5
33 79
33 76
33 125
33 54
33 115
33 30
33 112
33 6
33 11
33 64
33 38
33 1
33 89
33 16
33 58
33 49
33 64
33 118
33 94
33 104
33 60
33 121
33 121
33 84
33 34
33 19
33 52
33 109
33 114
33 22
33 110
33 80
33 31
33 3
33 34
33 5
33 94
33 117
33 111
33 123
33 46
33 52
33 126
33 118
33 34
33 113
33 73
33 46
33 65
33 66
33 60
33 66
34 62
34 22
34 120
34 29
34 108
34 68
34 57
34 9
34 48
34 93
34 9
34 51
34 110
34 39
34 63
34 78
34 29
34 24
34 21
34 57
34 93
34 105
34 46
34 2
34 118
34 115
34 38
34 30
34 67
34 25
34 75
34 9
34 20
34 51
34 2
34 29
34 55
34 18
34 47
34 26
34 89
34 61
34 3
34 15
34 45
34 24
34 118
34 1
34 22
34 108
34 107
34 9
34 33
34 51
34 41
34 105
34 54
34 10
34 47
34 15
34 56
34 111
34 10
34 40
35 53
35 43
35 98
35 21
35 123
35 100
35 36
35 107
35 27
35 100
35 39
35 23
35 88
35 38
35 67
35 75
35 13
35 68
35 99
35 107
35 67
35 47
35 66
35 50
35 38
35 47
35 25
35 121
35 10
35 50
35 65
35 93
35 59
35 29
35 22
35 99
35 117
35 65
35 63
35 70
35 117
35 106
35 97
35 19
35 39
35 95
35 44
35 36
35 53
35 39
35 96
35 62
35 85
35 86
36 50
36 111
36 79
36 22
36 54
36 81
36 60
36 86
36 90
36 33
36 117
36 100
36 113
36 40
36 102
36 44
36 52
36 27
36 41
36 69
36 119
36 41
36 107
36 34
36 125
36 94
36 30
36 53
36 114
36 38
36 1
36 119
36 7
36 17
36 33
36 40
36 114
36 28
36 106
36 120
36 70
36 8
36 69
36 25
36 59
36 107
36 21
36 6
36 12
36 123
36 98
36 26
36 62
36 100
36 87
36 12
36 82
36 26
36 127
36 105
36 15
36 110
36 92
36 110
37 110
37 63
37 121
37 85
37 50
37 124
37 17
37 106
37 120
37 127
37 23
37 48
37 93
37 81
37 70
37 67
37 108
37 93
37 77
37 7
37 125
37 40
37 39
37 47
37 74
37 125
37 32
37 65
37 21
37 72
37 93
37 58
37 112
37 56
37 54
37 53
37 23
37 86
37 54
37 48
37 77
37 125
37 41
37 120
37 47
37 114
37 64
37 34
37 27
37 82
37 6
37 33
37 58
37 32
37 11
37 2
38 64
38 80
38 108
38 72
38 67
38 32
38 57
38 24
38 68
38 25
38 7
38 119
38 65
38 73
38 76
38 33
38 105
38 124
38 118
38 2
38 63
38 105
38 67
38 46
38 85
38 106
38 43
38 106
38 99
38 51
38 59
38 61
38 70
38 43
38 12
38 18
38 16
38 93
38 38
38 102
38 52
38 123
38 31
38 125
38 17
38 108
38 88
38 104
38 110
38 113
38 4
38 32
38 48
38 119
38 79
38 109
38 117
38 73
38 27
38 83
39 100
39 83
39 31
39 85
39 64
39 19
39 114
39 62
39 101
39 75
39 40
39 17
39 78
39 69
39 125
39 13
39 43
39 16
39 52
39 56
39 108
39 89
39 50
39 2
39 31
39 86
39 11
39 61
39 81
39 88
39 95
39 109
39 90
39 42
39 41
39 41
39 78
39 118
39 3
39 71
39 85
39 15
39 12
39 7
39 14
39 110
39 45
39 123
39 90
39 89
39 110
39 101
39 87
39 68
39 105
39 48
39 89
39 101
39 91
39 51
40 118
40 122
40 78
40 3
40 55
40 89
40 25
40 30
40 46
40 90
40 86
40 107
40 93
40 121
40 4
40 59
40 109
40 2
40 20
40 98
40 51
40 30
40 98
40 84
40 46
40 93
40 77
40 86
40 27
40 22
40 34
40 125
40 75
40 63
40 19
40 14
40 41
40 79
40 10
40 58
40 117
40 1
40 78
40 70
40 17
40 127
40 56
40 91
40 30
40 82
40 21
40 15
40 70
40 1
40 89
40 85
40 59
40 98
40 88
40 104
40 74
41 33
41 36
41 57
41 54
41 105
41 49
41 89
41 83
41 88
41 84
41 81
41 87
41 100
41 100
41 107
41 54
41 107
41 58
41 48
41 121
41 66
41 113
41 117
41 9
41 44
41 11
41 50
41 84
41 91
41 126
41 61
41 99
41 86
41 67
41 80
41 29
41 126
41 20
41 115
41 46
41 114
41 21
41 127
41 11
41 19
41 78
41 14
41 54
41 126
41 33
41 113
41 113
41 97
41 6
41 19
41 98
41 121
41 68
41 27
42 57
42 81
42 101
42 3
42 74
42 89
42 89
42 80
42 122
42 59
42 97
42 118
42 76
42 86
42 64
42 44
42 75
42 20
42 76
42 39
42 23
42 17
42 95
42 89
42 110
42 32
42 54
42 20
42 116
42 1
42 21
42 32
42 121
42 26
42 10
42 27
42 119
42 51
42 14
42 93
42 50
42 119
42 123
42 49
42 103
42 40
42 81
42 10
42 22
42 69
42 3
42 108
42 47
42 79
42 67
42 93
42 8
42 42
42 84
42 112
43 28
43 33
43 65
43 110
43 20
43 108
43 33
43 26
43 3
43 81
43 77
43 10
43 39
43 90
43 39
43 61
43 8
43 9
43 119
43 107
43 120
43 101
43 73
43 76
43 3
43 29
43 74
43 4
43 68
43 123
43 85
43 84
43 73
43 26
43 126
43 14
43 127
43 92
43 46
43 108
43 102
43 20
43 97
43 3
43 106
43 69
43 36
43 118
43 103
43 113
43 76
43 77
43 7
43 31
43 7
43 59
43 119
43 51
43 55
43 71
43 121
44 39
44 47
44 83
44 44
44 91
44 69
44 58
44 22
44 117
44 47
44 43
44 66
44 32
44 50
44 74
44 11
44 88
44 116
44 108
44 101
44 100
44 69
44 36
44 17
44 113
44 23
44 79
44 126
44 48
44 127
44 61
44 47
44 21
44 26
44 71
44 33
44 22
44 20
44 79
44 95
44 6
44 56
44 23
44 30
44 7
44 4
44 122
44 8
44 113
44 57
44 11
44 35
44 78
44 42
44 104
44 4
44 24
44 91
44 14
44 74
44 120
45 97
45 98
45 46
45 86
45 33
45 5
45 90
45 52
45 11
45 97
45 89
45 2
45 40
45 98
45 14
45 72
45 72
45 19
45 97
45 8
45 89
45 83
45 32
45 26
45 84
45 87
45 2
45 25
45 71
45 70
45 31
45 52
45 112
45 13
45 117
45 1
45 15
45 90
45 8
45 21
45 89
45 91
45 15
45 97
45 101
45 39
45 72
45 37
45 88
45 61
45 124
45 53
45 50
45 105
45 50
45 23
45 117
45 21
46 26
46 45
46 83
46 124
46 102
46 13
46 113
46 83
46 29
46 81
46 27
46 28
46 127
46 28
46 82
46 32
46 35
46 69
46 56
46 101
46 10
46 72
46 85
46 97
46 24
46 118
46 87
46 92
46 65
46 57
46 94
46 81
46 20
46 108
46 14
46 99
46 112
46 108
46 16
46 59
46 5
46 113
46 44
46 101
46 124
46 14
46 33
46 98
46 95
46 41
46 32
46 1
46 48
46 92
46 10
46 40
46 58
46 82
46 81
46 21
46 67
46 115
46 18
46 48
47 123
47 95
47 116
47 101
47 105
47 1
47 122
47 68
47 2
47 10
47 83
47 63
47 41
47 98
47 3
47 82
47 51
47 112
47 31
47 127
47 38
47 116
47 66
47 2
47 1
47 96
47 74
47 16
47 4
47 70
47 26
47 87
47 71
47 3
47 124
47 80
47 79
47 90
47 11
47 13
47 101
47 113
47 77
47 61
47 31
47 116
47 3
47 66
47 104
47 32
47 59
47 80
47 48
47 95
47 76
47 8
47 34
47 102
48 102
48 58
48 57
48 21
48 6
48 51
48 49
48 39
48 14
48 28
48 100
48 66
48 58
48 59
48 89
48 97
48 42
48 29
48 37
48 11
48 85
48 77
48 118
48 122
48 99
48 31
48 77
48 89
48 35
48 99
48 54
48 53
48 109
48 82
48 47
48 11
48 22
48 30
48 47
48 7
48 3
48 106
48 69
48 110
48 1
48 66
48 54
48 46
48 13
48 36
48 80
48 12
48 31
48 113
48 78
48 96
48 91
48 72
48 10
49 36
49 29
49 12
49 125
49 62
49 21
49 71
49 75
49 109
49 68
49 94
49 46
49 90
49 36
49 9
49 10
49 26
49 79
49 57
49 108
49 31
49 12
49 91
49 121
49 59
49 117
49 92
49 2
49 68
49 69
49 5
49 36
49 106
49 60
49 111
49 44
49 38
49 75
49 58
49 90
49 119
49 55
49 92
49 111
49 2
49 56
49 123
49 38
49 45
49 125
49 83
49 122
49 121
49 60
49 39
49 77
49 82
49 8
49 89
49 30
50 28
50 19
50 120
50 60
50 38
50 55
50 98
50 104
50 124
50 48
50 25
50 54
50 22
50 123
50 38
50 82
50 63
50 73
50 3
50 9
50 39
50 127
50 92
50 123
50 107
50 40
50 87
50 22
50 57
50 91
50 60
50 60
50 127
50 39
50 111
50 33
50 17
50 11
50 92
50 21
50 87
50 24
50 79
50 81
50 117
50 60
50 103
50 9
50 22
50 10
50 105
50 83
50 118
50 87
50 77
50 100
50 72
50 68
50 46
51 8
51 29
51 108
51 55
51 93
51 64
51 99
51 97
51 7
51 29
51 11
51 93
51 89
51 107
51 54
51 9
51 15
51 17
51 48
51 6
51 103
51 85
51 107
51 74
51 119
51 4
51 41
51 102
51 126
51 67
51 13
51 90
51 41
51 116
51 39
51 63
51 76
51 21
51 22
51 96
51 41
51 44
51 15
51 21
51 80
51 13
51 93
51 5
51 64
51 59
51 124
51 36
51 56
51 74
51 27
51 121
51 91
51 121
51 30
51 42
51 67
51 121
52 46
52 8
52 103
52 94
52 73
52 17
52 104
52 54
52 21
52 6
52 90
52 60
52 25
52 55
52 117
52 2
52 25
52 89
52 25
52 82
52 17
52 57
52 110
52 3
52 56
52 90
52 54
52 62
52 75
52 62
52 84
52 17
52 62
52 44
52 80
52 34
52 96
52 72
52 31
52 121
52 108
52 32
52 113
52 86
52 4
52 53
52 60
52 29
52 67
52 43
52 40
52 117
52 30
52 108
52 42
52 118
52 122
52 118
53 91
53 18
53 11
53 120
53 14
53 46
53 122
53 83
53 111
53 44
53 92
53 92
53 29
53 52
53 15
53 80
53 123
53 24
53 114
53 100
53 50
53 123
53 68
53 38
53 117
53 35
53 112
53 32
53 86
53 125
53 107
53 23
53 80
53 124
53 90
53 61
53 52
53 4
53 80
53 107
53 123
53 40
53 54
53 96
53 40
53 22
53 9
53 42
53 17
53 11
53 62
53 40
53 116
53 80
53 65
53 88
53 85
53 60
53 59
53 25
53 22
54 109
54 97
54 94
54 29
54 103
54 92
54 10
54 86
54 78
54 58
54 98
54 34
54 20
54 108
54 123
54 75
54 26
54 32
54 81
54 111
54 85
54 110
54 32
54 80
54 10
54 78
54 1
54 58
54 98
54 11
54 4
54 120
54 105
54 94
54 17
54 30
54 83
54 94
54 56
54 41
54 116
54 10
54 78
54 96
54 94
54 81
54 31
54 13
54 62
54 19
54 39
54 97
54 88
54 77
54 68
54 56
54 73
54 15
54 45
54 78
54 72
54 81
54 68
54 62
54 44
54 86
54 24
55 61
55 114
55 78
55 51
55 9
55 21
55 113
55 122
55 75
55 87
55 47
55 43
55 43
55 72
55 80
55 28
55 91
55 81
55 122
55 100
55 125
55 22
55 77
55 93
55 5
55 89
55 108
55 63
55 66
55 38
55 104
55 86
55 29
55 123
55 124
55 49
55 12
55 43
55 16
55 31
55 67
55 67
55 48
55 88
55 1
55 48
55 88
55 80
55 59
55 39
55 94
55 10
56 105
56 110
56 67
56 4
56 118
56 52
56 64
56 125
56 125
56 124
56 107
56 40
56 21
56 47
56 39
56 126
56 77
56 114
56 35
56 4
56 57
56 117
56 16
56 81
56 48
56 101
56 8
56 11
56 116
56 36
56 104
56 22
56 102
56 68
56 1
56 58
56 22
56 127
56 78
56 82
56 114
56 125
56 5
56 124
56 58
56 78
56 37
56 78
56 97
56 50
56 124
56 64
56 107
56 93
56 94
56 51
56 9
56 47
56 96
56 19
56 51
56 46
56 4
57 99
57 90
57 33
57 23
57 93
57 75
57 114
57 93
57 9
57 109
57 1
57 29
57 1
57 99
57 31
57 101
57 127
57 94
57 124
57 55
57 22
57 33
57 24
57 91
57 106
57 77
57 123
57 14
57 59
57 74
57 75
57 69
57 21
57 51
57 12
57 101
57 18
57 35
57 106
57 66
57 124
57 39
57 83
57 95
57 8
57 56
57 74
57 86
57 35
57 43
57 93
57 39
57 85
57 61
57 66
57 14
57 60
58 49
58 88
58 72
58 123
58 22
58 61
58 61
58 13
58 72
58 49
58 11
58 37
58 73
58 126
58 88
58 86
58 40
58 104
58 123
58 117
58 70
58 9
58 112
58 6
58 96
58 4
58 111
58 89
58 73
58 20
58 85
58 35
58 43
58 118
58 50
58 103
58 127
58 49
58 76
58 121
58 111
58 56
58 83
58 85
58 22
58 103
58 37
58 68
58 98
58 75
58 112
58 82
58 17
58 102
58 2
58 34
58 3
58 113
58 52
58 57
58 118
58 87
59 35
59 72
59 93
59 59
59 120
59 31
59 34
59 60
59 33
59 104
59 17
59 7
59 117
59 57
59 8
59 11
59 2
59 25
59 109
59 32
59 31
59 80
59 116
59 105
59 50
59 105
59 78
59 115
59 28
59 64
59 103
59 37
59 67
59 15
59 111
59 72
59 92
59 38
59 63
59 91
59 74
59 3
59 65
59 87
59 48
59 33
59 74
59 123
59 58
59 107
59 109
59 15
59 64
59 110
59 79
59 24
59 94
59 86
59 70
60 33
60 75
60 104
60 118
60 21
60 127
60 9
60 89
60 96
60 94
60 39
60 84
60 73
60 13
60 30
60 65
60 48
60 87
60 58
60 36
60 83
60 43
60 11
60 38
60 107
60 59
60 36
60 61
60 24
60 42
60 50
60 65
60 106
60 17
60 13
60 30
60 84
60 127
60 19
60 92
60 121
60 117
60 115
60 107
60 42
60 126
60 113
60 72
60 83
60 32
60 80
60 88
60 49
60 16
60 70
60 31
60 31
60 86
60 45
60 16
60 116
60 67
60 10
60 36
61 11
61 72
61 79
61 100
61 118
61 5
61 99
61 109
61 121
61 8
61 26
61 90
61 5
61 61
61 76
61 105
61 18
61 38
61 80
61 35
61 112
61 53
61 99
61 38
61 42
61 89
61 112
61 119
61 121
61 14
61 98
61 22
61 18
61 33
61 64
61 99
61 8
61 50
61 113
61 112
61 83
61 83
61 93
61 108
61 115
61 85
61 25
61 113
61 60
61 65
61 14
61 115
61 23
61 1
61 81
62 112
62 109
62 114
62 70
62 42
62 116
62 115
62 71
62 38
62 72
62 3
62 74
62 16
62 95
62 75
62 19
62 33
62 13
62 115
62 126
62 66
62 30
62 3
62 95
62 83
62 105
62 58
62 78
62 46
62 52
62 123
62 32
62 94
62 22
62 124
62 121
62 90
62 118
62 84
62 83
62 44
62 7
62 95
62 40
62 10
62 74
62 97
62 27
62 56
62 72
62 120
62 64
62 84
62 113
62 28
62 58
62 52
62 121
62 118
62 98
62 32
62 93
63 95
63 90
63 1
63 49
63 52
63 92
63 20
63 22
63 7
63 56
63 86
63 85
63 106
63 22
63 95
63 38
63 100
63 97
63 59
63 51
63 61
63 111
63 67
63 98
63 85
63 127
63 4
63 80
63 15
63 61
63 48
63 4
63 45
63 30
63 27
63 105
63 46
63 86
63 30
63 46
63 45
63 9
63 39
63 121
63 46
63 111
63 76
63 2
63 69
63 35
63 90
63 115
63 105
63 103
63 63
63 86
63 115
63 124
64 127
64 55
64 119
64 62
64 48
64 32
64 114
64 79
64 27
64 10
64 57
64 3
64 31
64 66
64 16
64 105
64 41
64 84
64 47
64 107
64 40
64 36
64 106
64 20
64 125
64 6
64 113
64 98
64 21
64 50
64 57
64 48
64 71
64 13
64 9
64 39
64 124
64 110
64 67
64 54
64 23
64 66
64 100
64 101
64 65
64 84
64 28
64 33
64 15
64 54
64 96
64 101
64 57
64 10
64 101
64 125
64 34
64 2
64 75
64 117
65 102
65 89
65 44
65 27
65 69
65 73
65 54
65 62
65 62
65 30
65 5
65 101
65 105
65 28
65 34
65 100
65 84
65 117
65 14
65 30
65 34
65 68
65 94
65 107
65 55
65 124
65 57
65 39
65 68
65 119
65 54
65 107
65 90
65 33
65 24
65 70
65 101
65 21
65 121
65 46
65 104
65 42
65 75
65 32
65 40
65 51
65 5
65 32
65 4
65 95
65 46
65 71
65 90
65 124
65 69
65 123
65 100
65 90
65 103
65 76
66 119
66 121
66 39
66 32
66 118
66 88
66 82
66 77
66 26
66 17
66 115
66 121
66 12
66 122
66 119
66 79
66 93
66 116
66 127
66 90
66 43
66 7
66 43
66 95
66 33
66 11
66 68
66 62
66 69
66 122
66 5
66 11
66 2
66 114
66 12
66 29
66 39
66 51
66 121
66 38
66 44
66 21
66 107
66 106
66 26
66 124
66 111
66 117
66 107
66 96
66 90
66 116
66 79
66 125
66 116
66 101
66 86
66 39
66 16
66 36
67 55
67 22
67 76
67 56
67 104
67 114
67 117
67 52
67 80
67 11
67 123
67 91
67 15
67 82
67 53
67 91
67 64
67 67
67 67
67 6
67 9
67 9
67 40
67 85
67 50
67 31
67 126
67 88
67 71
67 64
67 37
67 46
67 7
67 42
67 19
67 111
67 98
67 83
67 108
67 31
67 38
67 36
67 80
67 94
67 126
67 3
67 32
67 55
67 109
67 99
67 93
67 68
67 92
67 88
67 65
67 14
67 23
67 91
67 14
67 95
67 101
68 106
68 81
68 54
68 99
68 48
68 33
68 66
68 51
68 59
68 103
68 105
68 114
68 65
68 90
68 127
68 90
68 77
68 55
68 66
68 67
68 33
68 100
68 28
68 32
68 6
68 76
68 99
68 95
68 61
68 22
68 105
68 85
68 53
68 87
68 127
68 108
68 65
68 27
68 112
68 103
68 117
68 25
68 15
68 29
68 100
68 41
68 63
68 43
68 50
68 82
68 69
68 96
68 107
68 69
68 32
68 50
68 62
68 7
68 60
69 16
69 117
69 53
69 80
69 64
69 47
69 105
69 26
69 98
69 15
69 69
69 31
69 117
69 47
69 63
69 106
69 100
69 17
69 82
69 92
69 94
69 3
69 51
69 64
69 14
69 37
69 40
69 36
69 93
69 40
69 5
69 49
69 26
69 74
69 70
69 57
69 44
69 125
69 102
69 94
69 61
69 75
69 14
69 51
69 96
69 52
69 123
69 19
69 99
69 122
69 23
69 118
69 9
69 40
69 101
69 79
69 64
69 39
69 107
69 121
69 74
69 17
69 42
69 91
70 83
70 110
70 121
70 1
70 85
70 25
70 127
70 73
70 6
70 88
70 119
70 74
70 19
70 54
70 121
70 36
70 116
70 113
70 25
70 91
70 70
70 124
70 20
70 83
70 124
70 27
70 10
70 94
70 45
70 74
70 9
70 88
70 88
70 91
70 106
70 125
70 52
70 79
70 78
70 26
70 91
70 20
70 65
70 92
70 88
70 46
70 87
70 73
70 106
70 98
70 102
70 101
70 91
70 87
70 94
70 125
70 126
71 16
71 110
71 33
71 103
71 21
71 27
71 81
71 36
71 17
71 113
71 74
71 43
71 32
71 5
71 19
71 64
71 122
71 112
71 8
71 53
71 1
71 93
71 44
71 33
71 48
71 97
71 22
71 1
71 51
71 107
71 106
71 31
71 78
71 56
71 114
71 96
71 118
71 75
71 17
71 85
71 70
71 77
71 13
71 125
71 59
71 21
71 93
71 38
71 117
71 68
71 70
71 81
71 3
71 15
71 47
71 100
71 35
71 91
71 16
71 21
71 28
71 101
71 40
71 85
71 67
72 96
72 43
72 106
72 59
72 61
72 94
72 37
72 43
72 74
72 50
72 38
72 34
72 55
72 90
72 99
72 62
72 4
72 109
72 57
72 77
72 109
72 62
72 47
72 19
72 3
72 116
72 126
72 5
72 89
72 55
72 119
72 83
72 54
72 124
72 54
72 9
72 63
72 12
72 20
72 59
72 15
72 74
72 61
72 51
72 90
72 79
72 38
72 70
72 35
72 62
72 114
72 102
72 125
72 70
72 53
73 115
73 111
73 117
73 97
73 37
73 34
73 56
73 1
73 117
73 114
73 12
73 5
73 118
73 19
73 127
73 102
73 112
73 85
73 76
73 75
73 28
73 81
73 71
73 19
73 99
73 107
73 12
73 48
73 1
73 114
73 41
73 100
73 2
73 104
73 80
73 72
73 13
73 75
73 34
73 34
73 32
73 26
73 100
73 2
73 100
73 55
73 54
73 3
73 89
73 6
73 93
73 83
73 100
73 61
73 45
73 25
73 90
73 2
73 69
73 30
74 54
74 65
74 22
74 95
74 112
74 34
74 70
74 126
74 35
74 4
74 22
74 126
74 88
74 30
74 27
74 25
74 16
74 115
74 77
74 66
74 8
74 126
74 72
74 70
74 3
74 38
74 61
74 27
74 13
74 53
74 32
74 58
74 112
74 68
74 76
74 117
74 73
74 17
74 89
74 37
74 83
74 77
74 70
74 94
74 7
74 117
74 56
74 85
74 56
74 117
74 41
74 62
74 88
74 101
74 107
74 61
74 126
74 64
74 65
74 84
74 68
75 8
75 91
75 76
75 20
75 8
75 90
75 27
75 104
75 115
75 122
75 49
75 122
75 88
75 102
75 48
75 85
75 94
75 57
75 124
75 6
75 100
75 16
75 9
75 93
75 35
75 104
75 122
75 98
75 105
75 86
75 22
75 87
75 18
75 51
75 54
75 8
75 25
75 104
75 93
75 123
75 113
75 61
75 4
75 19
75 49
75 44
75 38
75 20
75 18
75 70
75 66
75 25
75 107
75 6
75 62
75 107
75 27
75 85
75 82
76 81
76 101
76 63
76 99
76 13
76 71
76 23
76 28
76 84
76 84
76 123
76 15
76 112
76 62
76 42
76 12
76 5
76 85
76 86
76 23
76 89
76 121
76 112
76 118
76 77
76 110
76 40
76 115
76 86
76 11
76 20
76 84
76 34
76 70
76 105
76 21
76 115
76 13
76 50
76 16
76 88
76 29
76 72
76 85
76 73
76 18
76 104
76 54
76 21
76 21
76 71
76 122
76 39
76 68
76 10
76 1
76 68
76 24
76 8
77 114
77 63
77 70
77 103
77 54
77 72
77 83
77 16
77 14
77 127
77 53
77 126
77 104
77 77
77 50
77 30
77 62
77 73
77 51
77 26
77 115
77 48
77 3
77 85
77 76
77 92
77 14
77 100
77 96
77 11
77 66
77 79
77 119
77 30
77 86
77 93
77 46
77 37
77 65
77 93
77 49
77 1
77 44
77 30
77 52
77 118
77 10
77 53
77 112
77 67
77 101
77 42
77 104
77 20
77 93
77 27
77 97
77 85
77 15
77 11
77 104
77 124
78 14
78 116
78 3
78 73
78 107
78 117
78 110
78 75
78 9
78 66
78 61
78 106
78 29
78 112
78 86
78 5
78 58
78 57
78 45
78 127
78 30
78 63
78 93
78 57
78 16
78 70
78 86
78 104
78 85
78 26
78 105
78 112
78 116
78 18
78 84
78 25
78 28
78 29
78 50
78 6
78 64
78 64
78 18
78 34
78 98
78 34
78 11
78 48
78 43
78 73
78 16
78 97
78 93
78 100
78 52
78 25
78 127
78 123
79 24
79 41
79 56
79 122
79 24
79 48
79 80
79 48
79 46
79 56
79 3
79 5
79 95
79 89
79 78
79 108
79 81
79 60
79 126
79 9
79 101
79 83
79 34
79 39
79 102
79 105
79 97
79 22
79 5
79 65
79 94
79 33
79 16
79 54
79 7
79 99
79 29
79 43
79 76
79 124
79 93
79 75
79 68
79 119
79 97
79 74
79 60
79 69
79 100
79 87
79 48
79 82
79 94
79 121
79 54
79 78
79 91
79 112
79 92
79 28
80 73
80 67
80 88
80 81
80 10
80 79
80 9
80 63
80 57
80 68
80 71
80 99
80 88
80 15
80 99
80 59
80 69
80 29
80 46
80 85
80 105
80 80
80 61
80 39
80 44
80 90
80 73
80 122
80 17
80 28
80 5
80 97
80 73
80 30
80 41
80 41
80 50
80 92
80 96
80 60
80 105
80 38
80 64
80 123
80 114
80 59
80 43
80 13
80 97
80 52
80 25
80 25
80 2
80 108
80 5
80 116
80 12
80 105
80 96
80 90
80 14
80 81
81 63
81 109
81 93
81 51
81 69
81 10
81 116
81 14
81 81
81 65
81 20
81 97
81 89
81 7
81 108
81 75
81 21
81 8
81 81
81 13
81 114
81 95
81 23
81 121
81 92
81 61
81 58
81 107
81 70
81 29
81 75
81 17
81 27
81 79
81 26
81 93
81 125
81 67
81 52
81 8
81 96
81 44
81 104
81 18
81 71
81 11
81 23
81 60
81 86
81 26
81 3
81 10
81 123
81 109
81 38
81 27
81 4
81 46
81 80
81 35
81 95
82 45
82 105
82 43
82 98
82 14
82 19
82 54
82 102
82 8
82 73
82 86
82 117
82 58
82 99
82 26
82 91
82 123
82 79
82 81
82 127
82 44
82 56
82 92
82 50
82 79
82 6
82 52
82 122
82 29
82 37
82 99
82 55
82 34
82 55
82 99
82 58
82 75
82 102
82 33
82 61
82 88
82 107
82 29
82 81
82 95
82 7
82 48
82 116
82 86
82 65
82 89
82 6
82 36
82 110
82 41
82 2
82 22
82 63
82 6
83 40
83 83
83 78
83 17
83 96
83 110
83 80
83 118
83 102
83 63
83 116
83 126
83 126
83 4
83 90
83 83
83 125
83 91
83 14
83 102
83 27
83 107
83 111
83 92
83 85
83 125
83 58
83 18
83 126
83 27
83 120
83 5
83 112
83 108
83 48
83 35
83 47
83 98
83 83
83 118
83 42
83 89
83 117
83 62
83 17
83 117
83 39
83 127
83 19
83 64
83 115
83 81
83 53
83 113
83 11
83 68
83 19
83 42
83 94
84 90
84 87
84 46
84 3
84 93
84 10
84 111
84 57
84 84
84 19
84 24
84 127
84 13
84 88
84 63
84 107
84 15
84 74
84 112
84 27
84 45
84 26
84 40
84 79
84 92
84 103
84 13
84 30
84 22
84 81
84 80
84 87
84 55
84 93
84 48
84 98
84 28
84 17
84 84
84 81
84 58
84 19
84 122
84 35
84 54
84 103
84 85
84 113
84 90
84 22
84 77
84 121
84 127
84 56
84 8
84 122
84 51
84 26
84 105
85 6
85 24
85 7
85 52
85 15
85 43
85 107
85 33
85 36
85 102
85 74
85 91
85 83
85 104
85 29
85 123
85 36
85 91
85 16
85 114
85 1
85 31
85 86
85 38
85 73
85 22
85 31
85 6
85 32
85 41
85 18
85 26
85 112
85 20
85 16
85 54
85 2
85 126
85 89
85 68
85 101
85 66
85 10
85 10
85 23
85 60
85 55
85 24
85 16
85 99
85 35
85 50
85 113
85 114
85 72
85 30
85 103
85 58
85 11
85 93
86 54
86 20
86 16
86 33
86 87
86 122
86 74
86 107
86 18
86 49
86 1
86 74
86 90
86 125
86 109
86 97
86 25
86 111
86 48
86 16
86 82
86 116
86 3
86 111
86 89
86 5
86 64
86 102
86 71
86 127
86 90
86 115
86 26
86 113
86 114
86 78
86 66
86 85
86 8
86 93
86 16
86 99
86 100
86 7
86 4
86 47
86 2
86 62
86 80
86 36
86 56
86 48
86 51
86 43
86 65
86 79
86 5
86 92
86 61
86 35
87 34
87 80
87 34
87 46
87 13
87 33
87 113
87 21
87 52
87 109
87 62
87 105
87 15
87 67
87 54
87 7
87 123
87 66
87 122
87 49
87 9
87 29
87 110
87 105
87 74
87 12
87 56
87 70
87 24
87 112
87 26
87 106
87 25
87 75
87 61
87 8
87 13
87 3
87 53
87 45
87 89
87 20
87 123
87 56
87 121
87 15
87 114
87 127
87 102
87 57
87 26
87 113
87 23
87 85
87 26
87 108
87 91
87 94
87 75
87 8
88 13
88 76
88 20
88 111
88 42
88 79
88 113
88 24
88 103
88 83
88 2
88 103
88 57
88 121
88 96
88 1
88 59
88 15
88 116
88 13
88 104
88 56
88 79
88 113
88 114
88 121
88 29
88 118
88 36
88 60
88 120
88 15
88 6
88 59
88 95
88 27
88 37
88 87
88 124
88 79
88 40
88 118
88 31
88 109
88 70
88 5
88 66
88 113
88 14
88 80
88 96
88 78
88 71
88 24
88 104
88 5
88 80
88 32
88 35
88 75
88 44
89 92
89 83
89 32
89 127
89 74
89 98
89 74
89 89
89 117
89 79
89 68
89 121
89 28
89 114
89 72
89 30
89 8
89 111
89 46
89 46
89 84
89 31
89 13
89 52
89 8
89 123
89 83
89 99
89 97
89 46
89 105
89 26
89 99
89 3
89 106
89 26
89 10
89 125
89 106
89 67
89 57
89 23
89 15
89 101
89 15
89 66
89 99
89 10
89 117
89 32
89 63
89 15
89 47
89 89
89 103
89 41
89 41
89 53
89 1
89 112
89 46
90 15
90 108
90 29
90 99
90 66
90 48
90 127
90 104
90 96
90 51
90 60
90 19
90 24
90 17
90 89
90 78
90 34
90 30
90 29
90 62
90 36
90 50
90 58
90 24
90 1
90 120
90 65
90 23
90 121
90 79
90 73
90 60
90 64
90 90
90 23
90 113
90 84
90 23
90 20
90 10
90 62
90 123
90 92
90 87
90 8
90 71
90 111
90 91
90 79
90 56
90 68
90 88
90 11
90 55
90 82
90 127
90 20
90 91
90 69
90 90
91 12
91 74
91 9
91 37
91 31
91 114
91 70
91 68
91 67
91 92
91 59
91 116
91 119
91 105
91 85
91 7
91 77
91 67
91 28
91 46
91 33
91 16
91 10
91 57
91 40
91 125
91 75
91 21
91 28
91 105
91 33
91 108
91 118
91 14
91 114
91 79
91 49
91 86
91 45
91 39
91 28
91 121
91 49
91 39
91 35
91 78
91 37
91 16
91 103
91 99
91 39
91 18
91 75
91 123
91 102
91 101
91 19
91 94
91 32
91 51
92 64
92 53
92 2
92 101
92 75
92 43
92 91
92 11
92 100
92 83
92 9
92 119
92 23
92 70
92 29
92 90
92 94
92 78
92 119
92 43
92 41
92 105
92 122
92 72
92 61
92 57
92 93
92 22
92 119
92 47
92 62
92 96
92 61
92 43
92 74
92 85
92 59
92 46
92 20
92 88
92 83
92 48
92 92
92 80
92 79
92 52
92 95
92 107
92 58
92 48
92 81
92 2
92 39
92 101
92 44
92 79
92 79
92 6
92 117
93 56
93 120
93 31
93 2
93 88
93 32
93 104
93 47
93 54
93 74
93 113
93 110
93 105
93 17
93 120
93 65
93 13
93 126
93 86
93 40
93 61
93 72
93 94
93 17
93 64
93 10
93 126
93 27
93 44
93 62
93 27
93 9
93 117
93 121
93 76
93 63
93 88
93 16
93 45
93 53
93 84
93 54
93 13
93 7
93 121
93 75
93 32
93 13
93 112
93 11
93 88
93 48
93 123
93 86
93 109
93 83
93 77
93 13
93 111
94 43
94 54
94 40
94 16
94 12
94 44
94 93
94 110
94 115
94 46
94 47
94 102
94 25
94 36
94 38
94 73
94 39
94 72
94 42
94 70
94 14
94 98
94 53
94 18
94 96
94 45
94 8
94 64
94 61
94 113
94 19
94 40
94 22
94 99
94 46
94 65
94 102
94 30
94 73
94 83
94 64
94 27
94 59
94 59
94 78
94 111
94 56
94 27
94 117
94 8
94 41
94 111
94 72
94 61
94 54
94 59
94 95
94 34
94 80
94 91
95 93
95 33
95 101
95 85
95 104
95 14
95 29
95 104
95 111
95 55
95 98
95 116
95 105
95 6
95 62
95 62
95 15
95 42
95 89
95 64
95 88
95 87
95 122
95 110
95 50
95 100
95 31
95 115
95 54
95 9
95 122
95 102
95 38
95 125
95 11
95 7
95 39
95 106
95 64
95 99
95 48
95 74
95 6
95 100
95 35
95 112
95 72
95 73
95 4
95 64
95 2
95 94
95 10
95 8
95 2
95 94
95 111
95 17
95 29
95 101
95 69
96 30
96 111
96 36
96 72
96 14
96 127
96 99
96 104
96 111
96 9
96 23
96 19
96 92
96 118
96 45
96 20
96 83
96 41
96 82
96 114
96 9
96 4
96 123
96 106
96 9
96 29
96 12
96 105
96 43
96 19
96 16
96 37
96 85
96 5
96 127
96 58
96 57
96 48
96 105
96 74
96 56
96 58
96 59
96 4
96 63
96 23
96 73
96 110
96 122
96 105
96 67
96 47
96 42
96 106
96 25
96 17
96 6
96 85
96 56
96 54
97 64
97 33
97 114
97 94
97 111
97 55
97 85
97 56
97 2
97 121
97 108
97 41
97 50
97 112
97 3
97 116
97 64
97 31
97 5
97 112
97 33
97 55
97 41
97 52
97 104
97 40
97 99
97 92
97 4
97 79
97 73
97 27
97 111
97 7
97 73
97 44
97 107
97 63
97 75
97 42
97 49
97 70
97 19
97 97
97 5
97 97
97 24
97 76
97 97
97 97
97 126
97 106
97 4
97 50
97 16
97 92
97 59
97 77
97 57
98 112
98 91
98 103
98 95
98 46
98 57
98 47
98 60
98 82
98 99
98 118
98 85
98 89
98 12
98 121
98 126
98 61
98 57
98 3
98 6
98 46
98 122
98 23
98 91
98 52
98 32
98 35
98 40
98 38
98 107
98 13
98 72
98 22
98 26
98 108
98 41
98 108
98 82
98 99
98 94
98 66
98 62
98 10
98 50
98 106
98 5
98 79
98 67
98 38
98 117
98 1
98 51
98 25
98 57
98 60
98 6
98 49
98 6
98 81
98 34
98 1
98 118
98 5
98 60
99 60
99 31
99 38
99 76
99 22
99 40
99 28
99 51
99 64
99 13
99 12
99 20
99 2
99 105
99 109
99 40
99 48
99 64
99 75
99 22
99 102
99 98
99 67
99 68
99 85
99 99
99 40
99 71
99 54
99 39
99 18
99 124
99 47
99 59
99 87
99 32
99 71
99 60
99 57
99 9
99 21
99 73
99 8
99 87
99 115
99 18
99 7
99 65
99 63
99 35
99 54
99 15
99 45
99 122
99 81
99 123
99 36
99 92
100 66
100 84
100 73
100 38
100 102
100 38
100 120
100 81
100 69
100 108
100 3
100 105
100 44
100 83
100 118
100 116
100 17
100 115
100 31
100 39
100 14
100 73
100 103
100 111
100 25
100 41
100 90
100 90
100 121
100 112
100 33
100 109
100 14
100 91
100 55
100 20
100 40
100 120
100 112
100 68
100 17
100 81
100 88
100 75
100 23
100 101
100 65
100 126
100 96
100 67
100 118
100 5
100 57
100 100
100 39
100 63
100 82
100 8
100 104
101 53
101 65
101 109
101 58
101 72
101 74
101 78
101 17
101 12
101 91
101 121
101 90
101 58
101 102
101 2
101 42
101 3
101 109
101 6
101 120
101 25
101 66
101 118
101 69
101 43
101 77
101 58
101 88
101 108
101 127
101 38
101 32
101 76
101 3
101 24
101 120
101 60
101 6
101 97
101 121
101 29
101 122
101 21
101 102
101 108
101 120
101 44
101 59
101 83
101 16
101 20
101 87
101 44
101 5
101 19
101 64
101 34
101 11
101 96
101 62
101 111
102 69
102 85
102 34
102 91
102 45
102 64
102 117
102 114
102 41
102 23
102 123
102 107
102 97
102 28
102 101
102 80
102 24
102 33
102 1
102 77
102 38
102 111
102 102
102 24
102 39
102 22
102 58
102 69
102 18
102 118
102 71
102 10
102 74
102 78
102 2
102 60
102 57
102 50
102 78
102 95
102 126
102 73
102 86
102 20
102 2
102 18
102 108
102 29
102 15
102 107
102 43
102 19
102 31
102 59
102 85
102 123
102 124
102 29
102 33
102 33
102 81
103 121
103 10
103 6
103 71
103 90
103 13
103 112
103 113
103 43
103 103
103 30
103 93
103 19
103 87
103 16
103 85
103 72
103 103
103 43
103 53
103 28
103 82
103 78
103 32
103 83
103 104
103 45
103 116
103 122
103 82
103 107
103 106
103 58
103 73
103 29
103 6
103 93
103 93
103 116
103 107
103 78
103 44
103 18
103 16
103 120
103 9
103 110
103 19
103 98
103 12
103 118
103 100
103 67
103 77
103 89
103 74
103 12
103 43
104 13
104 104
104 93
104 24
104 61
104 46
104 66
104 28
104 77
104 63
104 78
104 85
104 86
104 56
104 93
104 52
104 47
104 90
104 34
104 20
104 120
104 124
104 21
104 85
104 69
104 87
104 116
104 54
104 6
104 79
104 127
104 6
104 3
104 79
104 125
104 81
104 123
104 114
104 25
104 16
104 100
104 37
104 50
104 68
104 56
104 64
104 79
104 8
104 64
104 117
104 26
104 87
104 12
104 112
104 53
104 122
104 27
104 40
104 126
105 93
105 94
105 73
105 82
105 95
105 66
105 84
105 7
105 16
105 3
105 30
105 62
105 38
105 31
105 45
105 19
105 40
105 30
105 14
105 98
105 115
105 70
105 113
105 51
105 9
105 123
105 114
105 21
105 34
105 74
105 103
105 95
105 19
105 16
105 52
105 89
105 21
105 89
105 70
105 39
105 119
105 104
105 17
105 118
105 30
105 78
105 30
105 123
105 38
105 55
105 108
105 89
105 4
105 105
105 4
105 12
105 61
105 124
105 63
105 49
106 48
106 115
106 109
106 81
106 110
106 7
106 118
106 52
106 93
106 49
106 50
106 41
106 28
106 2
106 38
106 98
106 93
106 39
106 18
106 59
106 10
106 65
106 36
106 111
106 99
106 95
106 11
106 107
106 6
106 103
106 64
106 93
106 44
106 41
106 49
106 48
106 112
106 4
106 45
106 105
106 71
106 22
106 23
106 57
106 41
106 18
106 61
106 114
106 113
106 107
106 68
106 58
106 35
106 40
106 109
106 123
106 104
106 93
106 85
106 39
106 67
106 122
106 103
106 91
106 90
106 109
107 75
107 60
107 90
107 5
107 104
107 61
107 122
107 103
107 109
107 87
107 20
107 52
107 122
107 97
107 124
107 40
107 27
107 91
107 116
107 127
107 6
107 78
107 32
107 9
107 32
107 80
107 73
107 30
107 119
107 78
107 54
107 50
107 91
107 126
107 10
107 102
107 25
107 10
107 75
107 47
107 112
107 42
107 40
107 70
107 34
107 54
107 113
107 57
107 89
107 64
107 70
107 71
107 100
107 84
107 119
108 56
108 97
108 34
108 83
108 127
108 111
108 51
108 93
108 67
108 23
108 63
108 43
108 82
108 127
108 57
108 54
108 73
108 66
108 108
108 18
108 52
108 25
108 36
108 116
108 84
108 125
108 64
108 117
108 14
108 25
108 34
108 110
108 16
108 121
108 13
108 68
108 24
108 11
108 9
108 46
108 87
108 89
108 77
108 104
108 99
108 115
108 105
108 80
108 123
108 86
108 114
108 61
108 111
108 66
108 81
108 27
108 68
108 57
108 121
108 81
109 63
109 57
109 8
109 11
109 109
109 10
109 96
109 20
109 61
109 48
109 96
109 94
109 38
109 61
109 7
109 107
109 89
109 126
109 108
109 106
109 84
109 74
109 22
109 100
109 9
109 27
109 122
109 107
109 43
109 123
109 37
109 25
109 86
109 8
109 24
109 113
109 117
109 64
109 17
109 70
109 118
109 19
109 100
109 105
109 117
109 24
109 38
109 83
109 51
109 119
109 16
109 55
109 20
109 105
109 120
109 15
109 70
109 104
109 45
110 46
110 31
110 55
110 57
110 6
110 79
110 123
110 73
110 40
110 12
110 1
110 21
110 39
110 7
110 9
110 60
110 35
110 7
110 106
110 65
110 91
110 6
110 111
110 9
110 74
110 96
110 115
110 31
110 55
110 103
110 111
110 83
110 53
110 116
110 53
110 126
110 94
110 19
110 70
110 53
110 69
110 47
110 92
110 19
110 51
110 103
110 87
110 92
110 112
110 67
110 16
110 72
110 28
110 93
110 101
110 18
110 72
110 71
110 120
110 41
110 56
110 85
111 18
111 30
111 100
111 104
111 104
111 42
111 2
111 25
111 76
111 25
111 111
111 105
111 10
111 31
111 14
111 108
111 13
111 13
111 13
111 2
111 68
111 62
111 32
111 76
111 34
111 46
111 82
111 51
111 114
111 122
111 88
111 80
111 106
111 106
111 125
111 87
111 35
111 3
111 101
111 13
111 122
111 50
111 100
111 10
111 74
111 94
111 37
111 34
111 37
111 11
111 116
111 4
111 73
111 96
111 127
111 39
111 39
111 30
111 12
111 111
111 32
111 19
111 46
111 14
111 110
112 5
112 85
112 11
112 80
112 87
112 30
112 74
112 15
112 43
112 126
112 48
112 38
112 37
112 28
112 76
112 7
112 62
112 115
112 51
112 43
112 62
112 72
112 19
112 72
112 91
112 90
112 18
112 104
112 64
112 80
112 32
112 106
112 85
112 16
112 111
112 98
112 121
112 83
112 118
112 71
112 120
112 31
112 59
112 44
112 109
112 117
112 47
112 80
112 81
112 16
112 84
112 58
112 7
112 61
112 121
112 85
113 41
113 120
113 9
113 39
113 22
113 92
113 72
113 62
113 17
113 105
113 48
113 124
113 31
113 64
113 92
113 26
113 90
113 10
113 51
113 89
113 60
113 67
113 8
113 116
113 49
113 36
113 58
113 104
113 100
113 14
113 83
113 30
113 5
113 84
113 22
113 82
113 10
113 124
113 62
113 84
113 124
113 114
113 78
113 22
113 83
113 2
113 27
113 61
113 40
113 108
113 36
113 109
113 29
113 89
113 10
113 32
113 18
114 64
114 62
114 80
114 112
114 113
114 40
114 15
114 104
114 118
114 21
114 119
114 96
114 36
114 53
114 50
114 48
114 74
114 69
114 45
114 30
114 68
114 6
114 89
114 78
114 23
114 4
114 65
114 26
114 92
114 86
114 89
114 53
114 26
114 15
114 7
114 25
114 90
114 115
114 107
114 83
114 92
114 94
114 47
114 98
114 37
114 126
114 35
114 80
114 32
114 50
114 99
114 7
114 69
114 126
114 23
114 22
114 108
114 41
114 35
114 32
115 27
115 61
115 113
115 49
115 123
115 51
115 108
115 16
115 50
115 75
115 18
115 39
115 17
115 56
115 58
115 54
115 62
115 69
115 6
115 102
115 97
115 7
115 14
115 79
115 94
115 28
115 38
115 44
115 65
115 113
115 21
115 64
115 115
115 43
115 127
115 52
115 99
115 116
115 111
115 62
115 6
115 58
115 93
115 23
115 126
115 16
115 54
115 88
115 72
115 37
115 95
115 94
115 94
115 11
115 70
115 83
115 42
115 32
115 52
115 31
115 66
116 64
116 63
116 122
116 4
116 57
116 71
116 9
116 24
116 104
116 75
116 115
116 93
116 117
116 16
116 14
116 34
116 60
116 6
116 116
116 12
116 37
116 18
116 102
116 95
116 116
116 35
116 69
116 70
116 43
116 100
116 120
116 31
116 16
116 80
116 50
116 117
116 65
116 120
116 5
116 31
116 118
116 47
116 43
116 12
116 46
116 40
116 22
116 106
116 27
116 61
116 94
116 74
116 81
116 69
116 82
116 106
116 60
116 75
116 103
117 98
117 17
117 112
117 13
117 123
117 127
117 14
117 13
117 90
117 23
117 23
117 81
117 110
117 119
117 73
117 104
117 93
117 122
117 35
117 22
117 42
117 122
117 80
117 93
117 54
117 104
117 126
117 123
117 57
117 20
117 43
117 66
117 92
117 47
117 78
117 15
117 42
117 125
117 27
117 47
117 6
117 5
117 6
117 122
117 96
117 66
117 96
117 51
117 98
117 6
117 18
117 91
117 16
117 33
117 88
117 57
117 80
117 69
117 37
117 70
117 81
117 97
117 110
117 34
118 25
118 124
118 17
118 13
118 28
118 59
118 64
118 49
118 65
118 90
118 75
118 105
118 61
118 60
118 123
118 34
118 20
118 10
118 112
118 108
118 10
118 126
118 89
118 17
118 63
118 26
118 96
118 43
118 81
118 10
118 122
118 17
118 7
118 40
118 87
118 109
118 73
118 17
118 59
118 28
118 13
118 77
118 98
118 53
118 81
118 88
118 60
118 117
118 127
118 72
118 86
118 105
118 35
118 90
118 121
118 99
119 89
119 122
119 5
119 12
119 53
119 99
119 49
119 23
119 53
119 100
119 17
119 118
119 4
119 119
119 110
119 17
119 30
119 50
119 27
119 21
119 100
119 68
119 39
119 95
119 107
119 25
119 56
119 91
119 19
119 89
119 21
119 57
119 75
119 29
119 5
119 80
119 125
119 94
119 102
119 46
119 103
119 105
119 65
119 23
119 53
119 3
119 113
119 125
119 40
119 15
119 29
119 73
119 94
119 122
119 37
119 33
119 66
119 66
119 9
119 22
119 76
120 94
120 6
120 8
120 105
120 106
120 29
120 49
120 62
120 26
120 2
120 74
120 69
120 1
120 88
120 34
120 41
120 6
120 23
120 108
120 11
120 102
120 101
120 70
120 23
120 51
120 87
120 20
120 12
120 105
120 99
120 63
120 46
120 107
120 109
120 49
120 86
120 118
120 37
120 93
120 76
120 101
120 4
120 75
120 32
120 124
120 73
120 97
120 102
120 113
120 62
120 7
120 72
120 93
120 30
120 122
120 72
120 38
120 46
120 55
121 31
121 6
121 87
121 92
121 49
121 32
121 22
121 57
121 33
121 67
121 60
121 88
121 122
121 30
121 10
121 54
121 28
121 32
121 110
121 124
121 64
121 78
121 125
121 8
121 123
121 67
121 49
121 79
121 56
121 22
121 89
121 79
121 45
121 57
121 119
121 91
121 125
121 61
121 4
121 57
121 17
121 94
121 121
121 105
121 126
121 38
121 36
121 17
121 92
121 38
121 100
121 66
121 25
121 67
121 10
121 127
121 12
121 101
121 68
121 59
122 50
122 23
122 124
122 38
122 19
122 89
122 112
122 79
122 120
122 2
122 41
122 108
122 53
122 48
122 100
122 71
122 29
122 119
122 90
122 72
122 121
122 113
122 41
122 9
122 108
122 94
122 106
122 111
122 18
122 91
122 2
122 107
122 69
122 70
122 113
122 92
122 5
122 40
122 111
122 59
122 125
122 30
122 66
122 24
122 92
122 71
122 97
122 45
122 28
122 52
122 35
122 83
122 11
122 62
122 37
122 46
122 61
122 17
122 22
122 104
123 47
123 74
123 111
123 24
123 73
123 40
123 113
123 17
123 9
123 73
123 104
123 58
123 121
123 102
123 127
123 54
123 79
123 60
123 88
123 32
123 113
123 79
123 127
123 33
123 24
123 27
123 94
123 99
123 79
123 114
123 126
123 21
123 80
123 38
123 17
123 105
123 108
123 84
123 43
123 18
123 116
123 113
123 27
123 126
123 42
123 50
123 47
123 50
123 33
123 57
123 41
123 100
123 91
123 113
123 105
123 1
123 27
123 46
123 113
123 18
124 116
124 12
124 21
124 89
124 81
124 103
124 27
124 2
124 44
124 112
124 11
124 107
124 84
124 109
124 44
124 124
124 120
124 23
124 59
124 83
124 61
124 69
124 77
124 30
124 1
124 51
124 70
124 87
124 66
124 82
124 8
124 8
124 111
124 21
124 41
124 82
124 97
124 80
124 120
124 23
124 51
124 110
124 95
124 78
124 90
124 94
124 83
124 15
124 15
124 1
124 20
124 104
124 82
124 79
124 115
124 95
124 61
124 49
124 72
124 42
125 112
125 1
125 69
125 65
125 42
125 52
125 113
125 73
125 86
125 89
125 88
125 85
125 24
125 34
125 51
125 100
125 29
125 56
125 46
125 45
125 38
125 31
125 89
125 15
125 33
125 90
125 30
125 125
125 112
125 109
125 114
125 42
125 69
125 30
125 3
125 115
125 108
125 123
125 46
125 127
125 123
125 118
125 5
125 42
125 55
125 6
125 88
125 44
125 70
125 94
125 94
125 60
125 75
125 32
125 9
125 62
125 43
125 105
125 79
125 22
125 32
125 80
126 14
126 117
126 25
126 106
126 11
126 121
126 11
126 117
126 96
126 81
126 76
126 43
126 24
126 57
126 112
126 94
126 35
126 78
126 105
126 95
126 103
126 106
126 68
126 27
126 100
126 8
126 49
126 101
126 68
126 121
126 78
126 18
126 101
126 99
126 119
126 78
126 3
126 24
126 94
126 48
126 22
126 45
126 94
126 107
126 93
126 57
126 26
126 58
126 112
126 79
126 66
126 40
126 33
126 71
126 124
126 83
126 4
126 66
127 22
127 59
127 108
127 116
127 84
127 95
127 52
127 47
127 114
127 110
127 104
127 6
127 11
127 3
127 68
127 58
127 70
127 115
127 28
127 71
127 84
127 65
127 63
127 10
127 15
127 102
127 84
127 55
127 97
127 61
127 86
127 77
127 25
127 121
127 109