3 7
4 24
5 32
5 123
5 94
5 79
5 40
5 64
5 79
5 55
5 95
5 46
5 112
5 36
5 58
5 103
5 82
5 17
5 43
5 66
5 25
5 12
5 56
5 42
5 115
5 16
5 106
5 123
5 13
5 112
5 111
5 116
5 94
5 59
5 8
5 19
5 24
5 74
5 94
5 71
5 76
5 30
5 59
5 34
5 107
5 60
5 27
5 103
5 98
5 39
5 10
5 4
5 68
5 75
5 17
5 79
5 125
5 10
5 17
5 19
5 62
5 114
5 90
6 119
6 22
6 50
6 77
6 34
6 78
6 32
6 116
6 114
6 105
6 38
6 89
6 13
6 62
6 106
6 38
6 19
6 66
6 13
6 95
6 48
6 116
6 111
6 5
6 41
6 63
6 114
6 56
6 109
6 101
6 92
6 26
6 71
6 93
6 15
6 78
6 114
6 40
6 38
6 65
6 68
6 66
6 81
6 61
6 19
6 82
6 7
6 120
6 20
6 34
6 100
6 112
6 62
6 91
6 69
6 58
6 62
6 105
6 114
6 38
7 77
7 77
7 90
7 5
7 114
7 20
7 87
7 74
7 83
7 113
7 93
7 79
7 50
7 14
7 73
7 77
7 100
7 16
7 11
7 3
7 112
7 122
7 24
7 56
7 13
7 125
7 109
7 99
7 116
7 69
7 58
7 57
7 124
7 25
7 37
7 33
7 112
7 31
7 72
7 116
7 99
7 91
7 47
7 14
7 58
7 29
7 110
7 48
7 115
7 90
7 110
7 102
7 51
7 58
7 35
7 49
7 65
7 105
7 11
7 127
8 97
8 96
8 118
8 19
8 72
8 113
8 50
8 108
8 105
8 63
8 30
8 88
8 17
8 19
8 50
8 48
8 105
8 33
8 84
8 102
8 83
8 38
8 12
8 16
8 83
8 59
8 37
8 64
8 98
8 68
8 57
8 17
8 45
8 84
8 103
8 19
8 66
8 1
8 72
8 79
8 95
8 53
8 69
8 87
8 72
8 21
8 68
8 81
8 40
8 40
8 6
8 11
8 80
8 107
8 114
8 47
8 109
8 29
8 51
9 88
9 111
9 94
9 110
9 56
9 66
9 62
9 98
9 106
9 42
9 83
9 72
9 96
9 90
9 10
9 15
9 107
9 111
9 50
9 97
9 18
9 97
9 1
9 19
9 7
9 52
9 42
9 7
9 23
9 30
9 75
9 90
9 31
9 88
9 23
9 14
9 66
9 24
9 88
9 15
9 56
9 18
9 62
9 27
9 81
9 80
9 85
9 69
9 122
9 91
9 115
9 62
9 40
9 50
9 4
9 13
9 1
9 42
9 83
9 46
10 121
10 120
10 95
10 34
10 66
10 70
10 36
10 95
10 49
10 72
10 102
10 94
10 111
10 38
10 5
10 48
10 53
10 7
10 116
10 32
10 22
10 64
10 98
10 2
10 60
10 6
10 47
10 3
10 15
10 29
10 67
10 120
10 17
10 7
10 104
10 100
10 15
10 91
10 6
10 17
10 58
10 118
10 111
10 107
10 65
10 76
10 77
10 35
10 77
10 121
10 5
10 21
10 31
10 124
10 24
10 32
10 100
10 116
10 98
10 47
10 54
11 22
11 41
11 6
11 13
11 125
11 12
11 29
11 106
11 105
11 114
11 28
11 71
11 66
11 9
11 121
11 71
11 91
11 7
11 113
11 73
11 10
11 103
11 18
11 2
11 48
11 113
11 118
11 126
11 18
11 110
11 103
11 50
11 72
11 114
11 8
11 53
11 101
11 42
11 72
11 105
11 46
11 14
11 8
11 75
11 91
11 19
11 39
11 75
11 74
11 123
11 126
11 16
11 8
11 121
11 45
11 15
11 95
11 50
11 124
11 125
11 13
11 12
11 64
12 75
12 38
12 58
12 34
12 100
12 38
12 38
12 60
12 77
12 19
12 94
12 15
12 38
12 50
12 39
12 21
12 45
12 61
12 95
12 126
12 53
12 34
12 81
12 67
12 72
12 100
12 18
12 59
12 2
12 39
12 54
12 67
12 76
12 126
12 16
12 82
12 102
12 127
12 115
12 96
12 14
12 82
12 79
12 72
12 120
12 36
12 86
12 55
12 62
12 21
12 8
12 8
12 73
12 41
12 2
12 3
13 66
13 67
13 126
13 62
13 98
13 91
13 119
13 116
13 127
13 31
13 3
13 84
13 37
13 109
13 32
13 104
13 59
13 104
13 18
13 53
13 42
13 78
13 67
13 101
13 43
13 83
13 59
13 116
13 3
13 126
13 48
13 88
13 96
13 63
13 57
13 94
13 33
13 57
13 15
13 103
13 119
13 29
13 41
13 113
13 46
13 23
13 7
13 94
13 52
13 81
13 33
13 44
13 98
13 70
13 94
13 59
13 118
13 19
13 116
13 34
13 101
13 47
13 72
13 88
13 56
14 106
14 15
14 45
14 67
14 16
14 45
14 35
14 23
14 118
14 72
14 100
14 96
14 58
14 11
14 113
14 32
14 65
14 32
14 14
14 94
14 79
14 117
14 89
14 33
14 29
14 100
14 115
14 82
14 120
14 6
14 75
14 10
14 119
14 68
14 102
14 1
14 80
14 76
14 97
14 33
14 33
14 38
14 81
14 98
14 121
14 73
14 50
14 126
14 13
14 18
14 47
14 90
14 21
14 111
14 56
14 68
14 86
14 62
15 23
15 109
15 39
15 48
15 125
15 79
15 9
15 3
15 66
15 27
15 75
15 92
15 89
15 21
15 49
15 83
15 124
15 119
15 19
15 39
15 15
15 5
15 14
15 125
15 18
15 4
15 104
15 116
15 46
15 113
15 1
15 127
15 56
15 85
15 127
15 44
15 50
15 111
15 57
15 67
15 56
15 25
15 87
15 125
15 63
15 8
15 109
15 3
15 96
15 11
15 120
15 69
15 1
15 67
15 23
15 43
15 75
15 44
15 66
15 122
16 45
16 124
16 10
16 64
16 125
16 72
16 32
16 103
16 67
16 121
16 80
16 23
16 33
16 58
16 52
16 110
16 3
16 126
16 54
16 114
16 115
16 69
16 28
16 91
16 98
16 52
16 64
16 23
16 57
16 68
16 119
16 4
16 104
16 50
16 72
16 99
16 105
16 30
16 45
16 52
16 79
16 94
16 110
16 26
16 50
16 10
16 106
16 49
16 108
16 127
16 64
16 113
16 95
16 40
16 17
16 11
16 64
17 42
17 9
17 59
17 24
17 75
17 110
17 99
17 86
17 117
17 105
17 13
17 103
17 1
17 5
17 88
17 4
17 106
17 102
17 33
17 9
17 114
17 38
17 24
17 61
17 98
17 52
17 14
17 65
17 84
17 9
17 4
17 108
17 19
17 109
17 110
17 54
17 20
17 62
17 54
17 86
17 97
17 54
17 108
17 41
17 125
17 43
17 30
17 107
17 11
17 85
17 68
17 105
17 91
17 75
17 7
17 83
17 57
17 51
17 62
17 39
17 109
18 40
18 68
18 102
18 111
18 11
18 101
18 114
18 88
18 14
18 46
18 125
18 15
18 48
18 91
18 43
18 37
18 94
18 80
18 10
18 50
18 16
18 10
18 6
18 111
18 46
18 24
18 8
18 72
18 34
18 54
18 119
18 89
18 62
18 31
18 120
18 118
18 97
18 52
18 123
18 78
18 56
18 36
18 62
18 122
18 105
18 103
18 97
18 61
18 10
18 61
18 94
18 64
18 11
18 82
18 117
18 16
18 80
18 34
18 62
18 10
19 31
19 61
19 116
19 83
19 102
19 95
19 5
19 69
19 68
19 9
19 67
19 60
19 60
19 10
19 73
19 41
19 26
19 108
19 75
19 52
19 29
19 110
19 100
19 119
19 38
19 125
19 71
19 68
19 50
19 125
19 21
19 7
19 35
19 48
19 47
19 104
19 66
19 84
19 96
19 88
19 62
19 74
19 95
19 55
19 103
19 81
19 9
19 20
19 82
19 27
19 18
19 76
19 115
19 94
19 26
19 58
19 104
19 3
19 90
20 85
20 33
20 58
20 86
20 100
20 109
20 5
20 10
20 25
20 113
20 40
20 122
20 104
20 51
20 108
20 15
20 112
20 84
20 108
20 48
20 44
20 87
20 106
20 16
20 52
20 73
20 57
20 106
20 4
20 59
20 97
20 103
20 44
20 58
20 123
20 26
20 97
20 97
20 41
20 100
20 119
20 117
20 126
20 50
20 61
20 9
20 40
20 125
20 28
20 16
20 40
20 44
20 5
20 62
20 5
20 120
20 37
20 30
20 84
20 62
21 97
21 18
21 67
21 39
21 58
21 112
21 81
21 19
21 56
21 44
21 89
21 34
21 75
21 55
21 109
21 99
21 24
21 43
21 43
21 94
21 75
21 55
21 61
21 75
21 77
21 21
21 101
21 125
21 98
21 113
21 109
21 50
21 33
21 71
21 111
21 53
21 60
21 59
21 97
21 121
21 62
21 54
21 65
21 33
21 55
21 54
21 74
21 101
21 40
21 35
21 39
21 54
21 8
21 35
21 40
21 112
21 82
21 53
21 18
21 112
22 117
22 65
22 88
22 116
22 28
22 99
22 1
22 77
22 95
22 34
22 82
22 3
22 66
22 82
22 105
22 50
22 123
22 44
22 10
22 117
22 45
22 58
22 73
22 83
22 3
22 109
22 24
22 48
22 98
22 5
22 91
22 118
22 126
22 68
22 112
22 25
22 1
22 102
22 100
22 122
22 3
22 42
22 113
22 23
22 102
22 79
22 3
22 86
22 29
22 56
22 9
22 123
22 41
22 28
22 44
22 118
22 70
22 93
22 82
22 36
22 78
22 98
22 41
23 58
23 20
23 27
23 66
23 20
23 27
23 112
23 6
23 6
23 30
23 113
23 32
23 63
23 60
23 105
23 93
23 4
23 81
23 66
23 50
23 4
23 53
23 103
23 45
23 33
23 78
23 111
23 41
23 79
23 124
23 67
23 18
23 13
23 81
23 1
23 56
23 126
23 19
23 69
23 9
23 110
23 73
23 23
23 22
23 23
23 73
23 9
23 12
23 92
23 91
23 94
23 62
23 47
23 122
23 75
23 80
23 60
24 22
24 1
24 30
24 45
24 19
24 70
24 47
24 127
24 115
24 104
24 124
24 76
24 102
24 60
24 81
24 74
24 34
24 4
24 83
24 99
24 12
24 70
24 16
24 53
24 58
24 103
24 3
24 83
24 125
24 98
24 110
24 5
24 57
24 35
24 87
24 63
24 113
24 72
24 75
24 14
24 51
24 67
24 122
24 46
24 16
24 121
24 102
24 37
24 120
24 17
24 53
24 26
24 114
24 120
24 20
24 115
24 76
24 113
24 61
24 48
24 116
24 100
25 31
25 116
25 12
25 104
25 42
25 81
25 100
25 8
25 91
25 126
25 38
25 66
25 82
25 39
25 97
25 122
25 92
25 72
25 91
25 71
25 31
25 48
25 23
25 73
25 75
25 127
25 75
25 2
25 26
25 113
25 29
25 54
25 126
25 102
25 22
25 31
25 119
25 10
25 4
25 112
25 2
25 127
25 90
25 118
25 6
25 70
25 89
25 96
25 83
25 9
25 69
25 101
25 6
25 73
25 65
25 25
25 60
25 102
25 76
25 100
26 91
26 109
26 13
26 37
26 94
26 101
26 26
26 49
26 65
26 21
26 12
26 47
26 55
26 126
26 19
26 84
26 39
26 34
26 14
26 43
26 26
26 67
26 97
26 60
26 82
26 20
26 67
26 106
26 48
26 62
26 85
26 95
26 36
26 61
26 107
26 28
26 51
26 109
26 56
26 17
26 30
26 107
26 113
26 72
26 126
26 9
26 7
26 22
26 100
26 31
26 36
26 31
26 16
26 123
26 124
26 11
26 16
26 46
27 27
27 45
27 7
27 76
27 2
27 41
27 84
27 108
27 96
27 85
27 24
27 105
27 26
27 117
27 114
27 39
27 93
27 37
27 112
27 4
27 41
27 18
27 19
27 30
27 54
27 57
27 38
27 40
27 46
27 40
27 56
27 103
27 79
27 19
27 62
27 6
27 26
27 120
27 4
27 45
27 95
27 77
27 27
27 73
27 56
27 41
27 96
27 66
27 127
27 75
27 64
27 65
27 14
27 125
27 15
27 87
27 124
27 97
27 65
27 32
28 38
28 96
28 3
28 36
28 85
28 104
28 45
28 13
28 114
28 23
28 26
28 76
28 57
28 80
28 89
28 8
28 96
28 92
28 46
28 46
28 12
28 30
28 108
28 59
28 118
28 73
28 122
28 94
28 111
28 123
28 37
28 90
28 98
28 107
28 43
28 68
28 29
28 80
28 29
28 109
28 116
28 11
28 101
28 65
28 115
28 71
28 31
28 12
28 117
28 12
28 46
28 70
28 99
28 14
28 109
28 89
28 124
28 108
28 100
28 58
28 22
29 107
29 86
29 17
29 110
29 102
29 84
29 27
29 19
29 2
29 20
29 106
29 50
29 82
29 101
29 44
29 33
29 70
29 88
29 66
29 88
29 77
29 99
29 52
29 55
29 56
29 74
29 30
29 30
29 4
29 114
29 103
29 74
29 22
29 20
29 85
29 99
29 9
29 53
29 13
29 41
29 92
29 10
29 67
29 74
29 119
29 80
29 87
29 116
29 3
29 63
29 37
29 19
29 127
29 27
29 68
29 67
29 119
29 18
29 24
30 75
30 89
30 111
30 56
30 118
30 90
30 88
30 93
30 9
30 6
30 100
30 122
30 124
30 105
30 71
30 31
30 53
30 106
30 3
30 25
30 7
30 61
30 60
30 127
30 27
30 28
30 77
30 127
30 42
30 123
30 75
30 57
30 90
30 14
30 44
30 106
30 5
30 4
30 19
30 55
30 115
30 121
30 115
30 15
30 51
30 109
30 57
30 51
30 107
30 22
30 85
30 51
30 42
30 52
30 65
30 87
30 35
30 11
30 48
30 123
31 18
31 109
31 121
31 50
31 53
31 38
31 44
31 31
31 93
31 55
31 53
31 83
31 44
31 59
31 12
31 108
31 51
31 51
31 57
31 55
31 90
31 34
31 125
31 116
31 122
31 59
31 87
31 67
31 78
31 103
31 36
31 27
31 80
31 11
31 48
31 93
31 83
31 84
31 29
31 32
31 37
31 3
31 35
31 2
31 67
31 92
31 38
31 29
31 18
31 58
31 36
31 66
31 126
31 33
31 48
31 95
31 80
31 8
31 79
31 91
32 33
32 72
32 107
32 26
32 43
32 114
32 8
32 126
32 23
32 52
32 12
32 108
32 77
32 112
32 16
32 109
32 73
32 59
32 110
32 81
32 41
32 4
32 18
32 107
32 26
32 10
32 76
32 20
32 31
32 46
32 29
32 107
32 66
32 95
32 22
32 80
32 52
32 39
32 112
32 109
32 98
32 58
32 54
32 61
32 2
32 88
32 125
32 32
32 22
32 51
32 73
32 77
32 123
32 60
32 66
32 9
32 70
32 60
32 4
32 63
33 104
33 54
33 82
33 2
33 10
33 90
33 80
33 109
33 65
33 104
33 19
33 96
33 105
33 2
33 20
33 2
33 47
33 98
33 81
33 70
33 96
33 70
33 62
33 34
33 116
33 2
33 7
33 52
33 4
33 85
33 27
33 27
33 14
33 16
33 127
33 81
33 126
33 29
33 58
33 28
33 123
33 98
33 61
33 19
33 9
33 110
33 57
33 6
33 89
33 12
33 92
33 23
33 51
33 68
33 19
33 89
33 97
33 126
33 45
33 32
34 109
34 104
34 77
34 23
34 110
34 22
34 121
34 7
34 29
34 61
34 50
34 35
34 18
34 1
34 7
34 27
34 94
34 67
34 120
34 106
34 63
34 34
34 70
34 101
34 113
34 96
34 98
34 36
34 63
34 117
34 36
34 45
34 62
34 123
34 112
34 36
34 56
34 115
34 97
34 84
34 28
34 76
34 104
34 121
34 122
34 77
34 25
34 78
34 103
34 74
34 13
34 46
34 21
34 125
34 19
34 34
34 93
34 77
34 37
34 91
34 86
35 48
35 36
35 103
35 24
35 8
35 103
35 52
35 52
35 48
35 4
35 7
35 62
35 114
35 36
35 29
35 51
35 29
35 84
35 47
35 91
35 99
35 8
35 42
35 103
35 79
35 86
35 10
35 22
35 29
35 52
35 37
35 72
35 16
35 98
35 45
35 112
35 124
35 16
35 107
35 111
35 16
35 52
35 87
35 108
35 71
35 3
35 39
35 53
35 105
35 113
35 115
35 39
35 77
35 123
35 44
35 43
35 7
35 52
35 101
35 57
36 36
36 97
36 116
36 111
36 109
36 92
36 89
36 75
36 64
36 79
36 109
36 29
36 90
36 97
36 126
36 26
36 73
36 102
36 37
36 95
36 85
36 69
36 62
36 30
36 89
36 29
36 85
36 83
36 27
36 10
36 102
36 76
36 29
36 33
36 118
36 82
36 93
36 62
36 68
36 112
36 52
36 103
36 77
36 13
36 93
36 1
36 7
36 72
36 59
36 98
36 120
36 37
36 94
36 125
36 102
36 62
36 1
36 58
36 80
36 88
36 30
36 25
37 32
37 116
37 113
37 86
37 6
37 74
37 29
37 43
37 23
37 92
37 12
37 113
37 45
37 106
37 103
37 56
37 15
37 73
37 43
37 71
37 40
37 26
37 111
37 113
37 34
37 122
37 68
37 85
37 3
37 114
37 56
37 16
37 33
37 67
37 23
37 70
37 82
37 105
37 39
37 2
37 11
37 86
37 12
37 14
37 99
37 30
37 25
37 19
37 58
37 18
37 103
37 69
37 17
37 69
37 89
37 71
37 70
38 86
38 93
38 47
38 40
38 78
38 15
38 77
38 119
38 49
38 49
38 101
38 50
38 34
38 61
38 18
38 15
38 6
38 116
38 10
38 74
38 11
38 92
38 126
38 100
38 58
38 106
38 13
38 94
38 122
38 59
38 45
38 37
38 20
38 6
38 61
38 20
38 89
38 19
38 2
38 113
38 119
38 16
38 75
38 124
38 126
38 99
38 121
38 90
38 35
38 85
38 92
38 109
38 52
38 12
38 127
38 55
38 81
38 61
38 107
38 6
38 117
39 28
39 86
39 121
39 124
39 93
39 7
39 2
39 58
39 33
39 113
39 125
39 51
39 116
39 52
39 98
39 118
39 108
39 127
39 74
39 20
39 106
39 59
39 2
39 82
39 64
39 62
39 47
39 34
39 124
39 8
39 115
39 19
39 26
39 81
39 106
39 40
39 62
39 111
39 89
39 86
39 83
39 87
39 75
39 38
39 61
39 57
39 1
39 86
39 104
39 74
39 53
39 64
39 68
39 120
39 103
39 78
39 72
39 48
39 109
39 105
39 69
40 75
40 25
40 33
40 35
40 26
40 60
40 114
40 76
40 4
40 126
40 57
40 24
40 106
40 93
40 38
40 49
40 57
40 70
40 110
40 120
40 106
40 53
40 36
40 77
40 48
40 88
40 19
40 72
40 98
40 27
40 28
40 26
40 116
40 93
40 80
40 81
40 107
40 122
40 28
40 87
40 16
40 46
40 64
40 47
40 110
40 4
40 115
40 6
40 61
40 124
40 99
40 47
40 43
40 4
40 55
40 125
40 18
40 48
40 16
40 26
41 75
41 84
41 13
41 32
41 59
41 19
41 25
41 15
41 95
41 6
41 120
41 106
41 121
41 108
41 41
41 123
41 75
41 67
41 59
41 72
41 3
41 96
41 99
41 89
41 109
41 83
41 121
41 17
41 105
41 4
41 38
41 69
41 119
41 40
41 23
41 34
41 126
41 53
41 39
41 89
41 53
41 17
41 96
41 27
41 65
41 109
41 33
41 100
41 4
41 84
41 17
41 47
41 20
41 86
41 65
41 38
41 79
41 123
41 91
41 126
42 66
42 17
42 120
42 123
42 121
42 15
42 36
42 95
42 120
42 60
42 125
42 85
42 92
42 5
42 127
42 84
42 72
42 34
42 39
42 93
42 10
42 103
42 127
42 8
42 86
42 87
42 118
42 102
42 121
42 36
42 123
42 9
42 62
42 127
42 28
42 83
42 86
42 120
42 15
42 89
42 117
42 48
42 89
42 102
42 74
42 120
42 73
42 19
42 11
42 64
42 10
42 68
42 109
42 43
42 127
42 111
42 75
42 19
42 64
43 109
43 84
43 89
43 6
43 26
43 112
43 93
43 70
43 9
43 69
43 41
43 45
43 42
43 61
43 52
43 73
43 59
43 98
43 95
43 28
43 24
43 37
43 34
43 30
43 24
43 36
43 124
43 18
43 30
43 29
43 102
43 53
43 77
43 67
43 102
43 117
43 92
43 12
43 16
43 3
43 40
43 31
43 120
43 122
43 127
43 39
43 84
43 110
43 36
43 62
43 78
43 25
43 96
43 103
43 110
43 14
43 52
43 85
43 58
43 98
43 80
43 63
43 46
43 84
44 71
44 40
44 36
44 87
44 19
44 41
44 92
44 24
44 43
44 125
44 94
44 6
44 110
44 76
44 103
44 127
44 114
44 112
44 84
44 8
44 74
44 116
44 126
44 87
44 97
44 77
44 111
44 21
44 12
44 52
44 58
44 71
44 25
44 112
44 47
44 99
44 58
44 19
44 90
44 113
44 91
44 47
44 5
44 56
44 86
44 92
44 27
44 106
44 89
44 1
44 123
44 77
44 11
44 106
44 78
44 91
45 123
45 49
45 33
45 69
45 108
45 44
45 110
45 63
45 60
45 116
45 97
45 53
45 47
45 118
45 18
45 33
45 115
45 41
45 48
45 10
45 61
45 34
45 97
45 63
45 93
45 16
45 85
45 118
45 14
45 23
45 108
45 125
45 40
45 46
45 108
45 69
45 48
45 11
45 67
45 125
45 90
45 95
45 101
45 65
45 82
45 86
45 90
45 98
45 36
45 79
45 53
45 41
45 87
45 52
45 44
45 56
45 100
45 53
45 3
46 50
46 37
46 52
46 45
46 96
46 72
46 111
46 118
46 29
46 126
46 47
46 35
46 125
46 43
46 81
46 24
46 49
46 10
46 32
46 125
46 4
46 63
46 121
46 53
46 86
46 14
46 78
46 96
46 62
46 13
46 93
46 116
46 5
46 33
46 90
46 7
46 63
46 41
46 61
46 111
46 111
46 68
46 96
46 54
46 76
46 15
46 59
46 81
46 97
46 33
46 40
46 52
46 90
46 41
46 69
46 78
46 88
46 40
46 101
46 25
47 33
47 11
47 105
47 127
47 1
47 61
47 28
47 55
47 38
47 96
47 56
47 113
47 121
47 111
47 31
47 125
47 13
47 59
47 104
47 122
47 39
47 85
47 2
47 81
47 33
47 10
47 98
47 58
47 116
47 123
47 21
47 56
47 96
47 89
47 40
47 41
47 107
47 121
47 110
47 61
47 16
47 13
47 72
47 19
47 41
47 115
47 113
47 53
47 9
47 20
47 38
47 4
47 55
47 46
47 20
47 104
47 43
47 104
47 124
47 113
48 53
48 112
48 10
48 2
48 101
48 46
48 47
48 84
48 42
48 25
48 95
48 36
48 55
48 84
48 91
48 32
48 39
48 60
48 5
48 71
48 19
48 54
48 106
48 88
48 83
48 25
48 44
48 104
48 84
48 115
48 114
48 90
48 49
48 44
48 111
48 64
48 121
48 102
48 48
48 13
48 14
48 97
48 68
48 49
48 23
48 87
48 108
48 124
48 112
48 76
48 101
48 53
48 32
48 42
48 16
48 103
48 81
48 110
48 67
48 36
49 125
49 14
49 51
49 111
49 46
49 2
49 101
49 101
49 76
49 35
49 60
49 63
49 97
49 115
49 14
49 80
49 66
49 57
49 74
49 72
49 58
49 54
49 123
49 104
49 109
49 123
49 22
49 70
49 116
49 27
49 27
49 66
49 77
49 66
49 6
49 72
49 41
49 27
49 36
49 111
49 117
49 18
49 46
49 23
49 118
49 109
49 75
49 25
49 23
49 90
49 25
49 40
49 85
49 43
49 3
49 52
49 71
49 51
49 124
49 31
50 87
50 30
50 69
50 66
50 56
50 70
50 88
50 110
50 11
50 12
50 31
50 118
50 25
50 119
50 30
50 81
50 40
50 123
50 116
50 43
50 55
50 25
50 23
50 44
50 121
50 111
50 15
50 124
50 111
50 122
50 63
50 104
50 43
50 117
50 84
50 79
50 19
50 64
50 59
50 109
50 4
50 103
50 81
50 8
50 86
50 21
50 42
50 84
50 32
50 26
50 4
50 116
50 7
50 103
50 88
50 53
50 72
50 62
50 52
50 121
51 66
51 63
51 107
51 75
51 107
51 117
51 85
51 51
51 37
51 49
51 62
51 99
51 7
51 55
51 125
51 1
51 96
51 69
51 56
51 109
51 21
51 120
51 42
51 96
51 22
51 71
51 117
51 19
51 11
51 53
51 28
51 123
51 9
51 22
51 91
51 53
51 19
51 76
51 97
51 77
51 44
51 55
51 31
51 2
51 115
51 109
51 81
51 45
51 39
51 30
51 111
51 45
51 7
51 1
51 30
51 108
51 74
51 86
51 92
51 116
51 22
51 30
51 48
52 3
52 45
52 79
52 18
52 65
52 96
52 52
52 83
52 105
52 55
52 74
52 91
52 45
52 88
52 123
52 113
52 29
52 99
52 110
52 6
52 7
52 29
52 63
52 8
52 37
52 50
52 110
52 55
52 70
52 58
52 76
52 7
52 86
52 89
52 44
52 109
52 115
52 71
52 13
52 37
52 72
52 97
52 53
52 4
52 69
52 65
52 7
52 101
52 47
52 125
52 16
52 18
52 3
52 83
52 22
52 33
52 112
52 96
52 101
52 98
53 21
53 101
53 111
53 83
53 114
53 99
53 66
53 106
53 98
53 91
53 122
53 11
53 121
53 121
53 41
53 8
53 35
53 37
53 32
53 71
53 82
53 90
53 113
53 64
53 54
53 16
53 77
53 75
53 94
53 116
53 62
53 74
53 96
53 121
53 12
53 19
53 52
53 97
53 122
53 35
53 114
53 35
53 67
53 32
53 78
53 61
53 19
53 23
53 1
53 84
53 12
53 37
53 60
53 46
53 51
53 15
53 79
53 105
53 116
53 23
54 62
54 23
54 50
54 8
54 15
54 23
54 94
54 99
54 63
54 76
54 81
54 125
54 57
54 112
54 114
54 100
54 35
54 38
54 64
54 6
54 77
54 26
54 123
54 91
54 102
54 50
54 48
54 22
54 121
54 94
54 97
54 78
54 97
54 21
54 119
54 104
54 107
54 123
54 56
54 127
54 32
54 26
54 102
54 97
54 120
54 59
54 125
54 94
54 25
54 36
54 87
54 38
54 87
54 7
54 121
54 56
54 18
54 49
55 70
55 20
55 125
55 85
55 74
55 86
55 85
55 33
55 88
55 125
55 125
55 19
55 107
55 10
55 73
55 119
55 31
55 101
55 101
55 82
55 26
55 108
55 116
55 59
55 127
55 32
55 120
55 115
55 87
55 85
55 78
55 73
55 30
55 74
55 68
55 18
55 90
55 127
55 113
55 98
55 103
55 3
55 108
55 78
55 71
55 88
55 17
55 84
55 45
55 3
55 38
55 7
55 109
55 35
55 33
55 17
55 39
55 124
55 57
56 104
56 89
56 37
56 38
56 68
56 113
56 75
56 78
56 8
56 8
56 24
56 16
56 42
56 98
56 48
56 113
56 111
56 120
56 113
56 17
56 114
56 52
56 20
56 106
56 121
56 27
56 14
56 60
56 90
56 111
56 28
56 34
56 19
56 61
56 56
56 9
56 96
56 46
56 87
56 43
56 2
56 86
56 50
56 26
56 44
56 95
56 30
56 102
56 122
56 12
56 16
56 5
56 98
56 102
56 119
56 88
56 47
56 15
56 75
56 26
57 118
57 127
57 105
57 28
57 91
57 12
57 116
57 82
57 71
57 54
57 74
57 39
57 15
57 113
57 66
57 34
57 32
57 77
57 37
57 42
57 60
57 120
57 4
57 109
57 98
57 37
57 35
57 30
57 24
57 80
57 99
57 34
57 16
57 51
57 94
57 97
57 101
57 9
57 121
57 25
57 37
57 84
57 27
57 15
57 68
57 110
57 103
57 84
57 16
57 77
57 118
57 126
57 125
57 69
57 104
57 65
57 63
57 11
57 70
57 14
58 32
58 108
58 9
58 4
58 127
58 72
58 10
58 69
58 110
58 123
58 7
58 48
58 75
58 79
58 96
58 57
58 106
58 105
58 51
58 68
58 91
58 99
58 19
58 68
58 42
58 11
58 48
58 7
58 6
58 17
58 104
58 70
58 101
58 48
58 6
58 98
58 49
58 116
58 44
58 80
58 126
58 41
58 127
58 99
58 43
58 120
58 21
58 7
58 49
58 112
58 56
58 69
58 90
58 16
58 84
58 22
58 106
58 22
58 2
58 113
59 18
59 127
59 92
59 55
59 71
59 19
59 74
59 100
59 88
59 81
59 87
59 52
59 109
59 52
59 89
59 111
59 81
59 92
59 115
59 68
59 79
59 1
59 121
59 40
59 30
59 90
59 47
59 77
59 54
59 95
59 73
59 110
59 124
59 36
59 39
59 89
59 100
59 24
59 115
59 56
59 32
59 41
59 76
59 70
59 35
59 8
59 43
59 95
59 44
59 26
59 90
59 18
59 15
59 8
59 109
59 45
59 75
59 27
59 126
59 61
59 121
60 118
60 63
60 71
60 114
60 103
60 67
60 120
60 41
60 107
60 50
60 69
60 65
60 126
60 102
60 88
60 48
60 9
60 48
60 63
60 103
60 105
60 31
60 62
60 5
60 64
60 86
60 24
60 85
60 118
60 45
60 32
60 121
60 37
60 49
60 115
60 98
60 22
60 15
60 19
60 45
60 32
60 95
60 47
60 89
60 68
60 5
60 44
60 67
60 105
60 123
60 43
60 84
60 42
60 63
60 121
60 18
60 100
60 112
60 102
60 55
60 95
60 17
61 58
61 10
61 117
61 6
61 9
61 70
61 110
61 99
61 83
61 115
61 89
61 14
61 95
61 50
61 83
61 76
61 56
61 102
61 76
61 27
61 19
61 40
61 124
61 17
61 53
61 81
61 81
61 14
61 90
61 107
61 126
61 31
61 28
61 41
61 16
61 82
61 125
61 116
61 40
61 31
61 92
61 20
61 82
61 109
61 40
61 96
61 91
61 3
61 37
61 56
61 25
61 52
61 18
61 35
61 64
61 20
61 29
61 18
62 114
62 84
62 6
62 71
62 43
62 32
62 116
62 53
62 65
62 93
62 107
62 76
62 29
62 116
62 74
62 127
62 38
62 52
62 126
62 81
62 95
62 28
62 97
62 123
62 26
62 77
62 27
62 7
62 75
62 106
62 60
62 104
62 71
62 98
62 71
62 83
62 66
62 93
62 29
62 92
62 7
62 69
62 74
62 24
62 99
62 11
62 47
62 3
62 3
62 74
62 89
62 106
62 83
62 41
62 100
62 32
62 70
62 76
62 80
63 29
63 2
63 19
63 39
63 36
63 9
63 66
63 81
63 64
63 81
63 66
63 54
63 110
63 109
63 109
63 80
63 29
63 103
63 61
63 124
63 96
63 78
63 29
63 122
63 106
63 117
63 118
63 81
63 45
63 64
63 10
63 61
63 30
63 72
63 74
63 60
63 80
63 17
63 112
63 63
63 126
63 51
63 68
63 100
63 46
63 116
63 17
63 124
63 92
63 1
63 53
63 113
63 75
63 24
63 109
63 31
63 113
63 52
63 67
63 23
63 8
63 61
63 127
63 44
64 115
64 5
64 78
64 18
64 44
64 36
64 61
64 105
64 36
64 93
64 63
64 75
64 46
64 96
64 30
64 49
64 74
64 89
64 30
64 121
64 115
64 67
64 61
64 47
64 73
64 1
64 108
64 123
64 15
64 77
64 36
64 16
64 72
64 62
64 43
64 27
64 39
64 58
64 77
64 124
64 120
64 104
64 101
64 109
64 23
64 117
64 36
64 91
64 124
64 32
64 124
64 66
64 55
64 30
64 78
64 119
65 21
65 100
65 95
65 5
65 5
65 74
65 5
65 90
65 48
65 8
65 42
65 42
65 6
65 111
65 85
65 47
65 37
65 45
65 46
65 73
65 95
65 4
65 42
65 125
65 119
65 90
65 33
65 24
65 104
65 13
65 53
65 26
65 6
65 45
65 120
65 81
65 18
65 18
65 51
65 47
65 3
65 29
65 119
65 63
65 35
65 16
65 30
65 69
65 3
65 70
65 69
65 27
65 59
65 116
65 43
65 124
65 103
65 7
65 76
65 75
66 91
66 87
66 96
66 16
66 62
66 21
66 109
66 39
66 93
66 102
66 122
66 43
66 30
66 108
66 42
66 124
66 28
66 65
66 25
66 13
66 101
66 61
66 26
66 105
66 91
66 98
66 26
66 124
66 52
66 108
66 117
66 32
66 126
66 6
66 45
66 108
66 68
66 125
66 119
66 39
66 96
66 67
66 110
66 123
66 57
66 111
66 121
66 70
66 95
66 88
66 13
66 110
66 20
66 55
66 74
66 68
66 125
66 118
66 41
66 17
66 9
67 123
67 11
67 117
67 47
67 108
67 73
67 86
67 30
67 105
67 76
67 39
67 23
67 51
67 11
67 44
67 47
67 89
67 31
67 120
67 65
67 66
67 116
67 122
67 6
67 123
67 112
67 93
67 43
67 99
67 56
67 46
67 71
67 73
67 122
67 66
67 126
67 110
67 110
67 119
67 94
67 78
67 116
67 42
67 13
67 60
67 80
67 55
67 79
67 15
67 23
67 88
67 53
67 50
67 109
67 94
67 83
67 96
67 18
67 87
67 120
68 21
68 119
68 92
68 80
68 101
68 99
68 11
68 73
68 8
68 105
68 5
68 43
68 114
68 92
68 58
68 71
68 93
68 9
68 103
68 39
68 95
68 55
68 10
68 19
68 89
68 8
68 109
68 109
68 66
68 20
68 77
68 33
68 109
68 38
68 72
68 35
68 105
68 15
68 40
68 109
68 10
68 44
68 77
68 112
68 125
68 12
68 109
68 73
68 41
68 24
68 28
68 17
68 53
68 6
68 125
68 7
68 99
68 17
68 64
68 59
69 121
69 7
69 10
69 75
69 94
69 48
69 32
69 107
69 10
69 107
69 47
69 112
69 69
69 39
69 52
69 24
69 60
69 12
69 44
69 112
69 48
69 86
69 69
69 90
69 42
69 37
69 91
69 35
69 64
69 25
69 123
69 43
69 105
69 119
69 64
69 33
69 43
69 35
69 72
69 93
69 57
69 10
69 52
69 46
69 101
69 83
69 78
69 115
69 51
69 3
69 24
69 84
69 38
69 115
69 109
69 21
69 37
69 94
69 88
70 115
70 107
70 40
70 30
70 69
70 90
70 75
70 7
70 55
70 125
70 39
70 20
70 80
70 27
70 38
70 1
70 31
70 25
70 33
70 45
70 20
70 73
70 39
70 18
70 112
70 111
70 82
70 26
70 63
70 5
70 78
70 89
70 5
70 93
70 7
70 80
70 45
70 106
70 121
70 119
70 11
70 32
70 59
70 68
70 64
70 6
70 116
70 93
70 44
70 108
70 71
70 88
70 56
70 108
70 11
70 48
70 53
70 99
70 36
70 109
70 119
71 72
71 77
71 118
71 88
71 5
71 60
71 56
71 90
71 21
71 2
71 7
71 23
71 27
71 59
71 104
71 99
71 57
71 33
71 43
71 85
71 25
71 88
71 110
71 7
71 5
71 52
71 62
71 61
71 112
71 22
71 102
71 115
71 42
71 126
71 113
71 98
71 58
71 108
71 120
71 28
71 62
71 74
71 96
71 55
71 127
71 36
71 75
71 6
71 55
71 101
71 30
71 85
71 110
71 111
71 52
71 55
71 17
71 2
71 117
72 90
72 51
72 68
72 122
72 99
72 97
72 14
72 79
72 46
72 5
72 76
72 85
72 4
72 94
72 73
72 98
72 117
72 61
72 90
72 45
72 26
72 74
72 103
72 12
72 37
72 89
72 18
72 37
72 74
72 17
72 43
72 6
72 78
72 11
72 100
72 71
72 15
72 85
72 72
72 5
72 27
72 6
72 11
72 98
72 5
72 109
72 78
72 19
72 85
72 32
72 80
72 74
72 67
72 121
72 43
72 107
72 34
72 99
72 96
72 78
73 117
73 42
73 112
73 67
73 55
73 84
73 86
73 51
73 67
73 73
73 56
73 68
73 118
73 73
73 5
73 69
73 2
73 92
73 53
73 28
73 71
73 73
73 47
73 20
73 119
73 41
73 18
73 75
73 55
73 14
73 52
73 116
73 98
73 125
73 6
73 46
73 30
73 97
73 43
73 89
73 88
73 127
73 52
73 34
73 99
73 55
73 25
73 52
73 12
73 85
73 3
73 60
73 97
73 73
73 7
73 10
73 12
73 61
73 126
73 69
74 84
74 76
74 113
74 65
74 12
74 14
74 106
74 20
74 40
74 118
74 42
74 29
74 11
74 126
74 28
74 118
74 21
74 17
74 107
74 104
74 45
74 26
74 45
74 106
74 50
74 11
74 37
74 83
74 98
74 42
74 11
74 20
74 31
74 64
74 8
74 8
74 100
74 52
74 122
74 120
74 15
74 43
74 61
74 59
74 1
74 16
74 95
74 107
74 9
74 36
74 43
74 88
74 123
74 19
74 80
74 50
74 72
74 48
74 56
74 49
74 107
75 57
75 83
75 72
75 65
75 18
75 106
75 76
75 71
75 6
75 73
75 37
75 99
75 85
75 101
75 122
75 1
75 21
75 20
75 15
75 74
75 22
75 22
75 57
75 49
75 97
75 24
75 6
75 11
75 32
75 2
75 51
75 62
75 32
75 118
75 51
75 53
75 67
75 22
75 56
75 3
75 25
75 79
75 77
75 8
75 71
75 95
75 4
75 49
75 16
75 95
75 75
75 123
75 96
75 28
75 42
75 68
75 49
75 20
75 125
75 40
75 106
75 78
76 87
76 19
76 126
76 110
76 33
76 97
76 60
76 90
76 25
76 63
76 113
76 52
76 79
76 123
76 61
76 101
76 110
76 53
76 26
76 70
76 73
76 37
76 30
76 117
76 76
76 36
76 36
76 14
76 22
76 33
76 21
76 2
76 63
76 120
76 92
76 56
76 109
76 76
76 8
76 120
76 109
76 53
76 3
76 29
76 8
76 51
76 101
76 10
76 65
76 76
76 75
76 58
76 97
76 20
76 63
76 35
76 123
76 69
77 15
77 118
77 78
77 73
77 45
77 100
77 53
77 106
77 72
77 77
77 61
77 72
77 122
77 103
77 6
77 50
77 126
77 126
77 63
77 8
77 4
77 82
77 113
77 4
77 2
77 123
77 10
77 123
77 58
77 101
77 119
77 76
77 88
77 14
77 13
77 15
77 45
77 63
77 106
77 8
77 46
77 113
77 113
77 77
77 70
77 84
77 45
77 8
77 117
77 53
77 41
77 37
77 59
77 77
77 31
77 1
77 67
77 113
77 108
78 51
78 68
78 106
78 106
78 32
78 120
78 29
78 61
78 72
78 81
78 14
78 75
78 31
78 26
78 109
78 22
78 102
78 73
78 105
78 117
78 120
78 102
78 13
78 88
78 34
78 113
78 107
78 45
78 2
78 104
78 12
78 73
78 39
78 28
78 46
78 64
78 80
78 51
78 68
78 88
78 95
78 108
78 115
78 60
78 18
78 70
78 40
78 111
78 18
78 116
78 63
78 83
78 92
78 83
78 40
78 80
78 67
78 69
78 29
78 98
79 9
79 39
79 124
79 40
79 37
79 101
79 30
79 11
79 91
79 112
79 73
79 127
79 81
79 97
79 34
79 34
79 18
79 9
79 86
79 70
79 44
79 63
79 99
79 97
79 105
79 28
79 68
79 123
79 91
79 20
79 52
79 4
79 44
79 74
79 1
79 59
79 118
79 47
79 104
79 10
79 117
79 98
79 29
79 33
79 124
79 14
79 81
79 65
79 3
79 73
79 20
79 72
79 30
79 58
79 110
79 14
79 53
79 37
79 33
79 1
79 105
80 90
80 7
80 124
80 12
80 123
80 71
80 114
80 114
80 76
80 100
80 23
80 51
80 83
80 113
80 2
80 111
80 56
80 105
80 32
80 117
80 96
80 118
80 42
80 81
80 39
80 80
80 48
80 14
80 1
80 117
80 98
80 31
80 84
80 118
80 83
80 114
80 102
80 70
80 31
80 83
80 83
80 61
80 41
80 47
80 81
80 85
80 54
80 38
80 98
80 2
80 13
80 113
80 50
80 113
80 39
80 40
80 106
80 106
80 60
81 88
81 46
81 79
81 68
81 9
81 75
81 111
81 30
81 30
81 13
81 96
81 111
81 83
81 76
81 90
81 75
81 82
81 71
81 78
81 7
81 105
81 45
81 109
81 77
81 72
81 69
81 25
81 80
81 33
81 30
81 127
81 112
81 14
81 120
81 94
81 47
81 18
81 19
81 71
81 31
81 26
81 91
81 37
81 110
81 105
81 38
81 73
81 96
81 89
81 54
81 44
81 28
81 53
81 50
81 8
81 74
81 34
81 21
81 18
81 82
82 17
82 46
82 73
82 44
82 118
82 122
82 27
82 94
82 104
82 43
82 127
82 93
82 53
82 52
82 109
82 87
82 70
82 62
82 55
82 7
82 125
82 108
82 23
82 49
82 45
82 36
82 78
82 63
82 71
82 111
82 14
82 85
82 90
82 90
82 73
82 15
82 4
82 90
82 44
82 4
82 48
82 51
82 1
82 31
82 6
82 22
82 83
82 116
82 107
82 85
82 14
82 122
82 3
82 113
82 110
82 107
82 26
82 118
82 31
82 54
82 41
82 47
83 76
83 30
83 71
83 58
83 28
83 41
83 83
83 53
83 45
83 113
83 5
83 11
83 35
83 65
83 116
83 58
83 55
83 90
83 52
83 77
83 65
83 90
83 124
83 80
83 52
83 122
83 74
83 67
83 112
83 7
83 105
83 105
83 61
83 100
83 84
83 39
83 14
83 44
83 127
83 121
83 119
83 18
83 92
83 120
83 96
83 36
83 36
83 120
83 87
83 84
83 99
83 76
83 120
83 11
83 92
83 21
83 54
83 42
83 91
83 3
84 95
84 50
84 61
84 127
84 57
84 112
84 96
84 48
84 52
84 51
84 55
84 9
84 4
84 17
84 38
84 60
84 87
84 64
84 117
84 73
84 3
84 94
84 111
84 98
84 84
84 117
84 110
84 7
84 29
84 88
84 75
84 24
84 16
84 112
84 108
84 63
84 27
84 87
84 99
84 12
84 9
84 20
84 52
84 57
84 38
84 58
84 22
84 83
84 4
84 14
84 66
84 108
84 114
84 17
84 36
84 84
84 19
84 52
85 52
85 125
85 60
85 38
85 90
85 12
85 73
85 115
85 27
85 84
85 120
85 72
85 33
85 51
85 60
85 123
85 47
85 98
85 19
85 111
85 1
85 101
85 111
85 50
85 46
85 31
85 57
85 15
85 87
85 116
85 71
85 43
85 121
85 113
85 32
85 42
85 93
85 123
85 116
85 91
85 32
85 75
85 97
85 69
85 34
85 125
85 87
85 18
85 28
85 116
85 1
85 118
85 45
85 127
85 5
85 20
85 8
85 26
85 21
85 62
85 68
86 108
86 24
86 42
86 36
86 41
86 102
86 98
86 39
86 105
86 8
86 87
86 111
86 23
86 114
86 121
86 15
86 77
86 86
86 73
86 117
86 112
86 40
86 111
86 116
86 126
86 51
86 19
86 101
86 87
86 5
86 78
86 121
86 70
86 124
86 125
86 76
86 47
86 9
86 99
86 93
86 54
86 23
86 73
86 33
86 91
86 52
86 3
86 46
86 48
86 57
86 10
86 100
86 60
86 70
86 22
86 119
86 32
86 95
86 116
87 119
87 47
87 84
87 76
87 126
87 13
87 44
87 49
87 76
87 120
87 122
87 102
87 81
87 19
87 21
87 38
87 74
87 33
87 4
87 84
87 75
87 16
87 11
87 67
87 74
87 61
87 88
87 109
87 48
87 84
87 38
87 120
87 36
87 56
87 12
87 118
87 102
87 50
87 52
87 119
87 106
87 76
87 9
87 48
87 13
87 57
87 31
87 124
87 44
87 80
87 123
87 42
87 49
87 118
87 94
87 62
87 47
87 85
87 51
87 99
87 111
88 122
88 3
88 93
88 38
88 14
88 55
88 26
88 117
88 3
88 110
88 71
88 15
88 89
88 58
88 28
88 35
88 122
88 108
88 47
88 101
88 36
88 49
88 28
88 102
88 68
88 55
88 4
88 53
88 78
88 100
88 28
88 126
88 124
88 14
88 127
88 20
88 119
88 46
88 8
88 114
88 87
88 106
88 10
88 12
88 90
88 42
88 83
88 53
88 44
88 81
88 47
88 79
88 123
88 75
88 56
88 91
88 65
88 81
88 9
88 78
88 101
88 18
89 119
89 10
89 102
89 18
89 16
89 30
89 18
89 99
89 39
89 85
89 53
89 61
89 46
89 13
89 52
89 11
89 45
89 112
89 20
89 69
89 97
89 59
89 52
89 48
89 27
89 15
89 110
89 82
89 81
89 96
89 9
89 93
89 10
89 107
89 57
89 3
89 61
89 106
89 27
89 73
89 88
89 15
89 6
89 80
89 68
89 45
89 32
89 12
89 73
89 54
89 35
89 59
89 76
89 78
89 21
89 103
89 69
89 124
89 122
89 119
90 85
90 49
90 9
90 87
90 15
90 25
90 58
90 93
90 58
90 83
90 125
90 61
90 27
90 10
90 94
90 74
90 90
90 127
90 13
90 99
90 95
90 100
90 9
90 104
90 12
90 93
90 42
90 6
90 15
90 77
90 80
90 87
90 119
90 59
90 121
90 122
90 109
90 9
90 50
90 71
90 84
90 113
90 75
90 8
90 115
90 92
90 59
90 74
90 80
90 35
90 114
90 124
90 89
90 22
90 81
90 63
90 46
91 122
91 44
91 14
91 47
91 12
91 112
91 67
91 53
91 38
91 76
91 6
91 121
91 21
91 83
91 1
91 87
91 53
91 55
91 83
91 78
91 55
91 55
91 7
91 90
91 82
91 81
91 29
91 21
91 121
91 60
91 36
91 100
91 85
91 9
91 117
91 61
91 47
91 47
91 17
91 69
91 10
91 45
91 104
91 69
91 107
91 94
91 31
91 124
91 40
91 24
91 125
91 76
91 102
91 104
91 82
91 70
91 126
91 63
91 3
91 44
92 93
92 42
92 18
92 1
92 56
92 114
92 82
92 94
92 54
92 69
92 5
92 100
92 42
92 103
92 85
92 59
92 38
92 119
92 7
92 14
92 61
92 73
92 88
92 105
92 37
92 116
92 38
92 116
92 47
92 102
92 2
92 19
92 125
92 52
92 50
92 109
92 91
92 60
92 89
92 59
92 38
92 126
92 106
92 105
92 85
92 51
92 36
92 38
92 54
92 7
92 25
92 105
92 50
92 95
92 25
92 19
92 53
92 96
92 115
92 60
92 13
93 94
93 55
93 117
93 78
93 51
93 125
93 71
93 92
93 70
93 31
93 41
93 38
93 70
93 75
93 72
93 98
93 125
93 90
93 47
93 61
93 41
93 3
93 86
93 37
93 111
93 116
93 78
93 94
93 109
93 30
93 78
93 105
93 16
93 57
93 28
93 61
93 121
93 90
93 101
93 80
93 21
93 79
93 2
93 65
93 51
93 20
93 24
93 101
93 36
93 54
93 18
93 98
93 127
93 89
93 112
93 86
93 125
93 7
93 108
94 47
94 36
94 75
94 123
94 30
94 67
94 67
94 17
94 99
94 123
94 98
94 45
94 21
94 12
94 3
94 117
94 95
94 89
94 21
94 28
94 65
94 63
94 100
94 13
94 95
94 8
94 105
94 126
94 17
94 99
94 63
94 114
94 62
94 33
94 29
94 74
94 77
94 5
94 52
94 73
94 29
94 20
94 79
94 2
94 127
94 47
94 85
94 38
94 14
94 48
94 12
94 54
94 29
94 91
94 123
94 77
94 61
94 100
94 127
94 14
95 105
95 60
95 64
95 86
95 24
95 111
95 12
95 89
95 26
95 125
95 109
95 49
95 115
95 33
95 12
95 125
95 92
95 126
95 20
95 15
95 119
95 89
95 10
95 58
95 120
95 18
95 89
95 6
95 89
95 76
95 89
95 18
95 79
95 47
95 2
95 67
95 60
95 111
95 108
95 17
95 51
95 105
95 98
95 25
95 23
95 119
95 48
95 1
95 55
95 45
95 98
95 10
95 51
95 5
95 14
95 58
95 39
95 6
95 112
95 80
95 98
95 127
96 59
96 35
96 102
96 22
96 18
96 79
96 87
96 102
96 15
96 53
96 93
96 121
96 23
96 124
96 97
96 89
96 23
96 95
96 28
96 82
96 33
96 45
96 38
96 90
96 10
96 43
96 44
96 102
96 23
96 78
96 112
96 58
96 122
96 63
96 99
96 7
96 41
96 12
96 39
96 73
96 42
96 60
96 42
96 96
96 8
96 57
96 35
96 45
96 26
96 75
96 78
96 74
96 16
96 117
96 83
96 124
96 96
96 84
96 107
97 79
97 36
97 38
97 5
97 13
97 8
97 92
97 120
97 72
97 72
97 119
97 60
97 50
97 25
97 111
97 19
97 24
97 33
97 76
97 100
97 34
97 63
97 95
97 107
97 109
97 108
97 85
97 5
97 51
97 22
97 101
97 63
97 113
97 21
97 38
97 64
97 36
97 103
97 16
97 86
97 45
97 4
97 79
97 74
97 51
97 52
97 114
97 20
97 93
97 35
97 1
97 36
97 126
97 25
97 33
97 10
97 113
97 124
97 115
98 121
98 42
98 101
98 124
98 46
98 7
98 67
98 68
98 126
98 61
98 116
98 33
98 97
98 119
98 84
98 67
98 42
98 39
98 36
98 102
98 56
98 119
98 43
98 10
98 66
98 76
98 118
98 71
98 74
98 81
98 94
98 83
98 54
98 82
98 110
98 111
98 27
98 27
98 79
98 113
98 28
98 23
98 121
98 41
98 58
98 53
98 17
98 123
98 42
98 8
98 66
98 113
98 23
98 28
98 101
98 105
98 30
98 81
98 73
98 103
98 83
99 31
99 78
99 8
99 42
99 31
99 13
99 64
99 121
99 49
99 45
99 2
99 44
99 46
99 105
99 16
99 103
99 17
99 56
99 96
99 98
99 127
99 56
99 5
99 49
99 15
99 89
99 103
99 16
99 16
99 39
99 19
99 19
99 23
99 75
99 112
99 88
99 35
99 14
99 12
99 33
99 14
99 89
99 116
99 15
99 71
99 33
99 67
99 62
99 36
99 117
99 5
99 5
99 117
99 110
99 25
99 60
99 113
99 52
99 64
100 90
100 40
100 34
100 113
100 29
100 19
100 61
100 40
100 61
100 7
100 32
100 26
100 82
100 22
100 81
100 103
100 99
100 74
100 62
100 77
100 123
100 87
100 123
100 85
100 103
100 115
100 97
100 37
100 72
100 107
100 124
100 80
100 2
100 83
100 25
100 122
100 105
100 33
100 15
100 45
100 78
100 77
100 101
100 100
100 23
100 98
100 16
100 83
100 65
100 17
100 71
100 126
100 100
100 41
100 126
100 41
100 68
100 103
100 100
100 67
100 25
101 65
101 27
101 75
101 57
101 58
101 32
101 37
101 71
101 65
101 46
101 11
101 23
101 114
101 117
101 10
101 21
101 98
101 39
101 96
101 21
101 104
101 67
101 96
101 47
101 125
101 122
101 68
101 32
101 98
101 60
101 61
101 23
101 17
101 127
101 23
101 98
101 93
101 92
101 25
101 29
101 97
101 93
101 57
101 102
101 32
101 38
101 126
101 18
101 55
101 66
101 79
101 14
101 114
101 100
101 43
101 26
101 54
101 123
101 71
101 64
101 46
101 7
101 113
102 108
102 39
102 21
102 17
102 24
102 37
102 42
102 101
102 86
102 120
102 30
102 70
102 68
102 22
102 117
102 115
102 97
102 92
102 33
102 4
102 56
102 54
102 47
102 47
102 26
102 117
102 72
102 22
102 50
102 20
102 42
102 9
102 7
102 47
102 83
102 126
102 42
102 58
102 44
102 109
102 47
102 36
102 61
102 38
102 42
102 74
102 66
102 105
102 47
102 89
102 124
102 114
102 17
102 99
102 107
102 100
103 56
103 118
103 97
103 14
103 59
103 104
103 41
103 90
103 44
103 37
103 65
103 90
103 70
103 33
103 67
103 23
103 46
103 109
103 102
103 24
103 23
103 82
103 76
103 26
103 118
103 73
103 57
103 53
103 22
103 15
103 57
103 4
103 28
103 44
103 127
103 41
103 67
103 44
103 37
103 6
103 51
103 25
103 31
103 26
103 66
103 55
103 67
103 45
103 94
103 78
103 12
103 64
103 34
103 75
103 70
103 96
103 34
103 45
103 73
103 113
104 121
104 38
104 124
104 89
104 10
104 86
104 21
104 105
104 53
104 32
104 118
104 43
104 121
104 13
104 83
104 38
104 3
104 87
104 76
104 63
104 125
104 33
104 86
104 113
104 101
104 114
104 28
104 72
104 127
104 103
104 53
104 63
104 65
104 57
104 104
104 25
104 23
104 97
104 62
104 93
104 65
104 107
104 19
104 94
104 54
104 122
104 81
104 110
104 83
104 48
104 58
104 11
104 119
104 108
104 112
104 34
104 3
104 48
104 37
104 15
105 65
105 48
105 42
105 22
105 71
105 105
105 112
105 23
105 46
105 90
105 101
105 122
105 109
105 28
105 103
105 16
105 118
105 29
105 53
105 41
105 5
105 28
105 2
105 126
105 38
105 42
105 8
105 68
105 102
105 5
105 53
105 110
105 47
105 45
105 127
105 100
105 82
105 2
105 124
105 112
105 108
105 122
105 121
105 33
105 14
105 116
105 57
105 124
105 80
105 67
105 77
105 52
105 16
105 20
105 59
105 72
105 121
105 49
105 98
105 12
106 37
106 81
106 102
106 123
106 92
106 40
106 9
106 57
106 54
106 33
106 41
106 53
106 118
106 41
106 64
106 89
106 111
106 101
106 33
106 125
106 121
106 127
106 8
106 1
106 21
106 95
106 114
106 57
106 75
106 56
106 106
106 21
106 3
106 19
106 54
106 75
106 70
106 47
106 87
106 35
106 66
106 72
106 115
106 66
106 43
106 108
106 43
106 114
106 35
106 3
106 26
106 37
106 6
106 6
106 126
106 29
106 37
106 120
106 76
106 36
106 22
107 86
107 120
107 108
107 120
107 20
107 101
107 43
107 124
107 3
107 82
107 20
107 78
107 33
107 54
107 25
107 100
107 94
107 76
107 124
107 116
107 45
107 121
107 62
107 120
107 116
107 16
107 65
107 85
107 11
107 120
107 108
107 53
107 26
107 117
107 66
107 55
107 49
107 41
107 13
107 89
107 21
107 45
107 14
107 10
107 55
107 71
107 10
107 51
107 119
107 53
107 41
107 42
107 101
107 90
107 80
107 3
107 59
107 58
107 62
108 4
108 32
108 72
108 78
108 127
108 105
108 114
108 56
108 81
108 41
108 25
108 35
108 122
108 93
108 49
108 29
108 31
108 109
108 16
108 102
108 89
108 17
108 84
108 84
108 37
108 63
108 106
108 63
108 3
108 53
108 41
108 68
108 123
108 71
108 75
108 125
108 23
108 74
108 113
108 127
108 30
108 92
108 16
108 104
108 51
108 19
108 59
108 121
108 35
108 71
108 97
108 89
108 95
108 111
108 3
108 69
108 3
108 6
108 57
108 99
109 82
109 14
109 15
109 71
109 117
109 8
109 29
109 56
109 49
109 101
109 55
109 4
109 39
109 8
109 57
109 3
109 36
109 43
109 28
109 62
109 14
109 48
109 60
109 119
109 7
109 22
109 14
109 59
109 59
109 2
109 48
109 76
109 43
109 9
109 30
109 74
109 48
109 87
109 79
109 15
109 113
109 21
109 75
109 10
109 123
109 120
109 62
109 93
109 42
109 91
109 116
109 97
109 73
109 125
109 45
109 45
109 123
109 19
109 17
109 96
109 13
110 113
110 79
110 63
110 80
110 34
110 91
110 120
110 19
110 116
110 116
110 127
110 68
110 44
110 18
110 8
110 73
110 19
110 91
110 16
110 123
110 56
110 40
110 68
110 121
110 65
110 39
110 78
110 63
110 89
110 59
110 38
110 62
110 82
110 83
110 31
110 55
110 97
110 12
110 25
110 66
110 63
110 4
110 77
110 111
110 92
110 22
110 64
110 59
110 82
110 63
110 24
110 102
110 93
110 71
110 8
110 91
110 85
110 110
110 116
111 35
111 29
111 98
111 100
111 6
111 9
111 120
111 16
111 108
111 35
111 70
111 104
111 31
111 125
111 73
111 14
111 112
111 112
111 116
111 49
111 92
111 125
111 15
111 57
111 37
111 42
111 62
111 24
111 69
111 5
111 80
111 55
111 41
111 104
111 105
111 74
111 103
111 4
111 6
111 76
111 33
111 49
111 28
111 37
111 27
111 11
111 71
111 19
111 42
111 11
111 66
111 100
111 62
111 53
111 89
111 104
111 38
111 68
111 21
111 46
111 70
111 126
111 115
111 5
111 94
111 27
112 127
112 29
112 38
112 47
112 32
112 111
112 38
112 35
112 127
112 106
112 67
112 1
112 51
112 8
112 111
112 41
112 81
112 45
112 36
112 68
112 94
112 47
112 108
112 7
112 33
112 35
112 90
112 84
112 95
112 95
112 63
112 31
112 42
112 34
112 1
112 24
112 79
112 73
112 18
112 118
112 20
112 114
112 23
112 110
112 9
112 51
112 118
112 44
112 93
112 28
112 100
112 48
112 1
112 33
113 10
113 22
113 91
113 44
113 75
113 1
113 78
113 43
113 111
113 118
113 123
113 64
113 65
113 55
113 109
113 104
113 23
113 90
113 59
113 9
113 91
113 76
113 93
113 122
113 33
113 62
113 123
113 19
113 37
113 1
113 92
113 46
113 103
113 26
113 35
113 116
113 51
113 28
113 79
113 19
113 4
113 63
113 93
113 8
113 92
113 110
113 88
113 99
113 8
113 86
113 96
113 23
113 98
113 112
113 82
113 23
113 46
113 81
113 23
113 61
114 82
114 101
114 3
114 67
114 55
114 9
114 33
114 81
114 106
114 78
114 31
114 62
114 11
114 107
114 68
114 88
114 92
114 31
114 29
114 123
114 48
114 46
114 9
114 95
114 126
114 93
114 60
114 66
114 61
114 88
114 69
114 123
114 74
114 100
114 106
114 93
114 110
114 98
114 94
114 23
114 57
114 75
114 126
114 107
114 8
114 33
114 53
114 51
114 60
114 5
114 33
114 51
114 113
114 109
114 127
114 52
114 8
114 64
114 26
114 79
114 83
115 127
115 64
115 116
115 58
115 19
115 36
115 39
115 9
115 93
115 83
115 100
115 26
115 107
115 32
115 37
115 57
115 44
115 46
115 85
115 71
115 52
115 79
115 94
115 87
115 21
115 41
115 80
115 9
115 82
115 69
115 56
115 80
115 18
115 89
115 36
115 80
115 60
115 70
115 13
115 35
115 87
115 46
115 63
115 68
115 46
115 16
115 97
115 64
115 125
115 109
115 93
115 92
115 110
115 7
115 98
115 114
115 28
115 24
115 67
116 121
116 2
116 58
116 58
116 86
116 30
116 23
116 9
116 69
116 91
116 15
116 83
116 123
116 10
116 83
116 18
116 103
116 83
116 17
116 72
116 102
116 94
116 74
116 13
116 16
116 114
116 13
116 122
116 9
116 50
116 91
116 89
116 69
116 77
116 21
116 75
116 40
116 127
116 102
116 124
116 45
116 107
116 17
116 117
116 117
116 111
116 103
116 9
116 103
116 34
116 17
116 32
116 127
116 91
116 105
116 75
116 27
116 50
116 97
116 5
116 8
116 83
117 57
117 82
117 82
117 64
117 55
117 105
117 23
117 121
117 48
117 62
117 54
117 71
117 32
117 15
117 1
117 106
117 32
117 115
117 125
117 111
117 49
117 54
117 78
117 77
117 56
117 89
117 15
117 82
117 67
117 30
117 18
117 8
117 72
117 99
117 70
117 45
117 93
117 109
117 29
117 4
117 74
117 35
117 59
117 53
117 71
117 54
117 94
117 107
117 126
117 99
117 76
117 103
117 72
117 60
117 99
117 4
117 4
117 102
117 122
118 99
118 64
118 69
118 28
118 60
118 11
118 36
118 54
118 119
118 6
118 106
118 35
118 81
118 22
118 125
118 8
118 21
118 15
118 27
118 114
118 6
118 61
118 49
118 82
118 112
118 15
118 52
118 59
118 4
118 55
118 25
118 51
118 83
118 81
118 37
118 10
118 126
118 83
118 15
118 68
118 1
118 72
118 1
118 35
118 55
118 10
118 88
118 83
118 27
118 8
118 105
118 66
118 87
118 39
118 17
118 12
118 110
118 119
118 102
118 69
119 35
119 48
119 8
119 69
119 115
119 61
119 49
119 91
119 24
119 72
119 102
119 16
119 40
119 12
119 61
119 122
119 1
119 122
119 95
119 110
119 97
119 22
119 13
119 11
119 82
119 27
119 42
119 69
119 115
119 103
119 34
119 12
119 32
119 117
119 61
119 94
119 109
119 72
119 85
119 6
119 4
119 43
119 24
119 25
119 3
119 42
119 98
119 41
119 76
119 75
119 70
119 61
119 104
119 119
119 122
119 9
119 75
119 50
119 79
119 46
119 14
119 35
119 104
119 13
120 50
120 84
120 98
120 120
120 75
120 97
120 54
120 26
120 110
120 84
120 104
120 73
120 71
120 9
120 109
120 2
120 95
120 91
120 28
120 31
120 108
120 107
120 106
120 104
120 97
120 11
120 121
120 49
120 26
120 93
120 12
120 99
120 8
120 120
120 97
120 109
120 32
120 87
120 80
120 80
120 97
120 38
120 30
120 99
120 68
120 80
120 34
120 30
120 113
120 89
120 75
120 17
120 42
120 109
120 53
120 16
120 100
121 8
121 64
121 119
121 97
121 59
121 2
121 92
121 69
121 10
121 100
121 7
121 10
121 102
121 37
121 46
121 79
121 7
121 53
121 109
121 17
121 69
121 125
121 90
121 125
121 42
121 19
121 51
121 114
121 2
121 120
121 121
121 116
121 127
121 123
121 65
121 41
121 5
121 7
121 99
121 23
121 109
121 64
121 70
121 71
121 30
121 27
121 86
121 97
121 31
121 28
121 30
121 77
121 126
121 45
121 32
121 22
121 127
121 47
121 34
121 8
122 110
122 73
122 81
122 84
122 53
122 104
122 76
122 66
122 105
122 106
122 18
122 91
122 37
122 120
122 13
122 29
122 77
122 3
122 39
122 80
122 109
122 81
122 43
122 71
122 118
122 65
122 48
122 22
122 40
122 31
122 113
122 80
122 111
122 37
122 110
122 58
122 102
122 67
122 78
122 24
122 125
122 7
122 118
122 101
122 60
122 114
122 89
122 10
122 50
122 3
122 21
122 10
122 35
122 9
122 41
122 57
122 115
122 80
123 54
123 96
123 77
123 77
123 34
123 20
123 126
123 118
123 13
123 47
123 91
123 112
123 25
123 112
123 102
123 73
123 40
123 44
123 126
123 10
123 10
123 124
123 115
123 51
123 35
123 50
123 6
123 83
123 68
123 112
123 32
123 11
123 74
123 3
123 1
123 70
123 102
123 5
123 68
123 124
123 112
123 89
123 13
123 66
123 45
123 22
123 14
123 63
123 14
123 60
123 111
123 114
123 10
123 46
123 76
123 119
123 29
123 119
123 29
123 55
124 100
124 28
124 32
124 29
124 62
124 79
124 6
124 44
124 61
124 110
124 40
124 97
124 99
124 38
124 75
124 108
124 125
124 26
124 81
124 32
124 35
124 49
124 77
124 46
124 40
124 32
124 60
124 33
124 30
124 75
124 46
124 69
124 111
124 106
124 100
124 48
124 66
124 115
124 111
124 118
124 91
124 80
124 109
124 120
124 11
124 35
124 35
124 112
124 60
124 38
124 3
124 22
124 56
124 99
124 31
124 46
124 17
124 70
124 75
124 35
125 125
125 8
125 70
125 42
125 23
125 83
125 7
125 109
125 26
125 59
125 33
125 32
125 100
125 16
125 82
125 79
125 61
125 49
125 5
125 76
125 84
125 93
125 93
125 18
125 82
125 61
125 92
125 55
125 20
125 126
125 35
125 119
125 119
125 55
125 9
125 91
125 90
125 29
125 104
125 94
125 22
125 101
125 70
125 14
125 1
125 110
125 31
125 104
125 11
125 47
125 50
125 26
125 26
125 110
125 82
125 56
125 79
125 108
125 38
125 113
125 119
126 77
126 27
126 28
126 13
126 113
126 64
126 83
126 60
126 46
126 81
126 24
126 104
126 7
126 83
126 17
126 78
126 21
126 33
126 96
126 106
126 6
126 59
126 33
126 59
126 67
126 72
126 14
126 88
126 60
126 69
126 31
126 57
126 28
126 105
126 65
126 78
126 92
126 45
126 14
126 61
126 15
126 27
126 38
126 105
126 3
126 35
126 31
126 30
126 73
126 117
126 3
126 44
126 96
126 72
126 33
126 123
126 53
126 79
126 105
126 126
127 43
127 119
127 54
127 110
127 103
127 58
127 112
127 13
127 36
127 37
127 24
127 17
127 120
127 44
127 127
127 124
127 79
127 4
127 29
127 105
127 91
127 40
127 101
127 110
127 43
127 91
127 37
127 86
127 36
127 43
127 38
127 15
127 33
127 120