1 33
1 71
4 27
4 125
5 53
5 72
5 125
5 56
5 57
5 33
5 9
5 40
5 5
5 1
5 47
5 2
5 58
5 16
5 94
5 64
5 88
5 126
5 96
5 124
5 15
5 39
5 60
5 2
5 24
5 118
5 4
5 32
5 15
5 76
5 88
5 28
5 107
5 2
5 108
5 30
5 88
5 22
5 118
5 29
5 65
5 126
5 122
5 83
5 75
5 91
5 3
5 91
5 7
5 29
5 91
5 18
5 43
5 5
5 64
5 24
5 87
5 46
5 36
6 105
6 5
6 43
6 57
6 94
6 96
6 53
6 73
6 47
6 124
6 39
6 52
6 64
6 66
6 7
6 30
6 41
6 86
6 6
6 67
6 23
6 10
6 35
6 120
6 118
6 60
6 109
6 31
6 65
6 125
6 110
6 6
6 25
6 74
6 40
6 79
6 116
6 54
6 2
6 49
6 84
6 41
6 42
6 119
6 73
6 69
6 76
6 95
6 13
6 87
6 113
6 106
6 110
6 110
6 98
6 80
6 92
6 95
6 119
7 36
7 120
7 53
7 37
7 83
7 49
7 118
7 95
7 67
7 53
7 14
7 114
7 21
7 109
7 80
7 115
7 69
7 97
7 34
7 32
7 76
7 9
7 116
7 111
7 47
7 115
7 44
7 80
7 38
7 125
7 79
7 61
7 103
7 12
7 78
7 111
7 101
7 18
7 117
7 99
7 29
7 75
7 89
7 59
7 111
7 41
7 40
7 120
7 73
7 25
7 18
7 15
7 34
7 102
7 4
7 37
7 23
7 8
7 19
7 108
8 51
8 105
8 28
8 125
8 60
8 79
8 36
8 12
8 40
8 35
8 111
8 4
8 88
8 28
8 59
8 23
8 29
8 92
8 67
8 88
8 116
8 3
8 51
8 93
8 85
8 114
8 38
8 16
8 41
8 61
8 120
8 40
8 41
8 7
8 45
8 40
8 56
8 42
8 121
8 53
8 25
8 9
8 13
8 78
8 92
8 112
8 79
8 3
8 19
8 58
8 87
8 66
8 2
8 4
8 121
8 102
8 77
8 62
8 60
8 123
9 32
9 57
9 29
9 78
9 72
9 121
9 15
9 126
9 75
9 109
9 24
9 120
9 24
9 9
9 5
9 60
9 66
9 73
9 118
9 71
9 44
9 3
9 8
9 118
9 104
9 114
9 43
9 25
9 94
9 111
9 49
9 90
9 95
9 127
9 121
9 42
9 69
9 19
9 9
9 15
9 118
9 35
9 119
9 109
9 98
9 102
9 38
9 127
9 3
9 123
9 9
9 60
9 66
9 49
9 38
9 82
9 127
9 112
9 90
9 25
9 20
10 118
10 116
10 58
10 95
10 70
10 33
10 7
10 59
10 34
10 87
10 49
10 13
10 65
10 27
10 89
10 55
10 92
10 1
10 34
10 101
10 78
10 87
10 80
10 4
10 20
10 81
10 97
10 58
10 73
10 109
10 97
10 64
10 112
10 69
10 17
10 92
10 52
10 84
10 17
10 15
10 81
10 104
10 43
10 14
10 106
10 64
10 45
10 86
10 36
10 63
10 93
10 108
10 52
10 58
10 1
10 93
10 46
10 19
10 63
11 41
11 89
11 100
11 60
11 3
11 126
11 61
11 67
11 111
11 127
11 58
11 82
11 67
11 73
11 26
11 66
11 69
11 76
11 45
11 113
11 57
11 96
11 51
11 15
11 79
11 33
11 25
11 115
11 73
11 46
11 9
11 15
11 54
11 125
11 2
11 27
11 109
11 124
11 27
11 27
11 105
11 39
11 8
11 103
11 29
11 101
11 39
11 18
11 41
11 16
11 88
11 89
11 46
11 63
11 58
11 22
11 87
11 123
11 82
11 96
12 14
12 37
12 44
12 90
12 1
12 84
12 77
12 90
12 45
12 44
12 24
12 50
12 96
12 15
12 20
12 82
12 28
12 3
12 93
12 108
12 1
12 24
12 33
12 127
12 38
12 7
12 87
12 22
12 35
12 27
12 32
12 66
12 58
12 67
12 2
12 73
12 124
12 115
12 52
12 8
12 3
12 34
12 92
12 96
12 89
12 63
12 7
12 84
12 117
12 11
12 108
12 99
12 111
12 115
12 75
12 81
12 105
12 54
12 93
12 95
13 8
13 86
13 80
13 35
13 3
13 16
13 70
13 33
13 15
13 25
13 107
13 43
13 78
13 121
13 51
13 67
13 94
13 37
13 24
13 90
13 59
13 95
13 107
13 55
13 112
13 122
13 9
13 63
13 103
13 109
13 118
13 31
13 68
13 2
13 5
13 40
13 116
13 95
13 58
13 24
13 36
13 38
13 117
13 75
13 24
13 18
13 101
13 7
13 39
13 39
13 33
13 98
13 5
13 33
13 78
13 34
13 76
13 72
13 95
13 72
14 24
14 88
14 108
14 62
14 125
14 93
14 17
14 58
14 60
14 26
14 77
14 115
14 5
14 80
14 91
14 47
14 83
14 90
14 55
14 23
14 111
14 58
14 80
14 61
14 24
14 60
14 13
14 38
14 33
14 74
14 16
14 105
14 63
14 61
14 76
14 2
14 14
14 20
14 56
14 116
14 81
14 83
14 3
14 48
14 4
14 13
14 17
14 124
14 114
14 78
14 89
14 76
14 126
14 19
14 65
14 113
14 27
14 120
14 20
14 10
15 37
15 25
15 83
15 13
15 67
15 1
15 78
15 63
15 5
15 50
15 123
15 74
15 65
15 94
15 54
15 34
15 120
15 123
15 123
15 78
15 88
15 122
15 17
15 110
15 37
15 51
15 96
15 68
15 113
15 115
15 109
15 111
15 18
15 17
15 74
15 42
15 77
15 20
15 31
15 5
15 125
15 36
15 115
15 106
15 87
15 23
15 40
15 118
15 102
15 108
15 67
15 87
15 59
15 94
15 7
15 21
15 38
15 97
15 20
15 10
16 108
16 110
16 65
16 111
16 10
16 82
16 34
16 124
16 126
16 126
16 107
16 118
16 41
16 43
16 44
16 6
16 49
16 124
16 26
16 120
16 25
16 28
16 13
16 4
16 50
16 80
16 4
16 50
16 120
16 19
16 47
16 104
16 101
16 80
16 49
16 58
16 65
16 7
16 26
16 42
16 60
16 95
16 125
16 95
16 89
16 104
16 1
16 94
16 11
16 48
16 89
16 121
16 54
16 103
16 46
16 101
16 7
16 93
16 83
16 32
17 19
17 102
17 105
17 46
17 12
17 126
17 15
17 22
17 8
17 40
17 89
17 30
17 55
17 8
17 44
17 22
17 64
17 67
17 72
17 93
17 119
17 22
17 69
17 51
17 113
17 1
17 124
17 57
17 120
17 45
17 23
17 109
17 61
17 37
17 55
17 90
17 2
17 120
17 11
17 34
17 117
17 15
17 1
17 1
17 83
17 81
17 101
17 28
17 10
17 29
17 18
17 75
17 24
17 106
17 11
17 74
17 30
17 58
17 3
17 73
17 51
18 10
18 26
18 18
18 45
18 37
18 77
18 96
18 122
18 3
18 105
18 101
18 27
18 31
18 87
18 67
18 72
18 95
18 79
18 10
18 124
18 118
18 30
18 2
18 123
18 121
18 105
18 66
18 5
18 66
18 77
18 18
18 28
18 73
18 33
18 48
18 3
18 103
18 83
18 22
18 71
18 3
18 71
18 29
18 45
18 53
18 100
18 13
18 107
18 91
18 95
18 99
18 116
18 68
18 46
18 25
18 21
18 1
18 3
18 56
18 51
18 65
19 2
19 35
19 46
19 37
19 69
19 119
19 114
19 44
19 58
19 63
19 101
19 67
19 104
19 59
19 7
19 116
19 45
19 64
19 118
19 7
19 120
19 51
19 67
19 26
19 13
19 13
19 65
19 46
19 21
19 75
19 16
19 112
19 44
19 23
19 86
19 116
19 64
19 111
19 21
19 74
19 99
19 48
19 49
19 30
19 27
19 34
19 117
19 36
19 23
19 118
19 63
19 90
19 44
19 74
19 119
19 12
19 13
19 103
20 91
20 117
20 51
20 46
20 50
20 43
20 22
20 41
20 56
20 120
20 127
20 26
20 101
20 34
20 80
20 111
20 98
20 120
20 117
20 88
20 77
20 9
20 79
20 36
20 110
20 93
20 57
20 29
20 115
20 96
20 13
20 20
20 126
20 121
20 40
20 79
20 126
20 58
20 42
20 31
20 98
20 110
20 75
20 58
20 99
20 3
20 16
20 91
20 3
20 36
20 51
20 12
20 108
20 70
20 66
20 96
20 96
20 9
20 21
20 112
20 31
20 114
21 2
21 83
21 58
21 19
21 79
21 73
21 79
21 26
21 103
21 110
21 31
21 35
21 91
21 125
21 58
21 82
21 46
21 97
21 113
21 64
21 115
21 49
21 56
21 121
21 114
21 93
21 43
21 10
21 79
21 56
21 12
21 72
21 11
21 111
21 60
21 107
21 27
21 64
21 31
21 108
21 29
21 89
21 42
21 45
21 61
21 91
21 81
21 16
21 86
21 118
21 82
21 89
21 60
21 11
21 96
21 36
21 127
21 79
21 29
21 12
21 44
22 75
22 4
22 94
22 47
22 52
22 18
22 56
22 66
22 62
22 125
22 72
22 7
22 87
22 80
22 117
22 32
22 81
22 29
22 58
22 19
22 74
22 15
22 88
22 54
22 70
22 43
22 38
22 83
22 35
22 126
22 39
22 71
22 16
22 35
22 58
22 58
22 125
22 75
22 36
22 2
22 80
22 68
22 101
22 19
22 125
22 75
22 31
22 38
22 32
22 90
22 67
22 45
22 70
22 119
22 44
22 55
22 21
23 61
23 114
23 112
23 13
23 28
23 41
23 100
23 88
23 88
23 111
23 98
23 53
23 111
23 86
23 51
23 58
23 30
23 13
23 56
23 95
23 30
23 76
23 122
23 37
23 66
23 103
23 47
23 95
23 30
23 55
23 118
23 70
23 93
23 81
23 88
23 36
23 115
23 3
23 26
23 120
23 43
23 14
23 40
23 71
23 59
23 5
23 117
23 32
23 125
23 41
23 75
23 9
23 5
23 53
23 4
23 49
23 102
23 85
23 120
23 47
24 63
24 75
24 53
24 107
24 67
24 9
24 41
24 125
24 112
24 2
24 40
24 74
24 67
24 74
24 112
24 91
24 107
24 120
24 89
24 107
24 3
24 59
24 21
24 87
24 25
24 29
24 89
24 69
24 76
24 13
24 72
24 104
24 68
24 115
24 78
24 8
24 36
24 61
24 99
24 18
24 81
24 48
24 90
24 84
24 82
24 11
24 35
24 37
24 51
24 33
24 28
24 77
24 78
24 93
24 72
24 7
24 31
24 1
24 86
24 105
24 123
25 14
25 20
25 59
25 67
25 106
25 62
25 23
25 86
25 58
25 69
25 13
25 84
25 73
25 5
25 54
25 65
25 127
25 114
25 112
25 62
25 72
25 101
25 63
25 100
25 21
25 108
25 32
25 55
25 2
25 123
25 79
25 20
25 65
25 102
25 116
25 55
25 111
25 111
25 1
25 19
25 72
25 56
25 70
25 59
25 83
25 17
25 9
25 37
25 96
25 40
25 64
25 45
25 104
25 112
25 20
25 39
25 13
25 105
25 36
26 90
26 2
26 109
26 70
26 9
26 49
26 104
26 87
26 1
26 84
26 120
26 28
26 86
26 80
26 8
26 31
26 16
26 84
26 12
26 126
26 127
26 22
26 51
26 15
26 127
26 117
26 45
26 18
26 64
26 121
26 108
26 11
26 35
26 4
26 103
26 115
26 52
26 19
26 108
26 93
26 85
26 100
26 19
26 45
26 113
26 57
26 99
26 49
26 124
26 77
26 36
26 117
26 34
26 82
26 64
26 10
26 104
26 125
26 127
26 114
27 44
27 47
27 53
27 118
27 26
27 48
27 99
27 120
27 93
27 39
27 5
27 35
27 120
27 15
27 55
27 125
27 1
27 83
27 75
27 59
27 74
27 85
27 32
27 112
27 75
27 120
27 35
27 121
27 85
27 96
27 31
27 36
27 18
27 109
27 100
27 78
27 20
27 41
27 15
27 82
27 56
27 24
27 46
27 45
27 116
27 21
27 11
27 9
27 90
27 16
27 124
27 85
27 63
27 103
27 21
27 93
27 78
27 81
27 52
27 114
28 44
28 22
28 97
28 78
28 119
28 92
28 54
28 77
28 1
28 43
28 59
28 52
28 93
28 104
28 52
28 91
28 25
28 75
28 71
28 13
28 27
28 77
28 16
28 115
28 111
28 40
28 74
28 81
28 68
28 67
28 96
28 39
28 108
28 72
28 18
28 6
28 111
28 35
28 71
28 63
28 79
28 99
28 82
28 70
28 98
28 119
28 27
28 87
28 55
28 124
28 57
28 105
28 60
28 113
28 98
28 18
28 113
28 52
28 1
28 89
29 94
29 120
29 42
29 98
29 12
29 19
29 15
29 53
29 103
29 104
29 15
29 13
29 88
29 2
29 77
29 121
29 6
29 48
29 26
29 97
29 99
29 55
29 49
29 20
29 65
29 92
29 55
29 86
29 45
29 11
29 30
29 18
29 76
29 88
29 56
29 99
29 8
29 47
29 99
29 104
29 103
29 79
29 44
29 37
29 4
29 3
29 71
29 35
29 66
29 116
29 61
29 26
29 49
29 3
29 59
29 124
29 116
29 102
29 85
29 7
30 63
30 126
30 83
30 11
30 47
30 16
30 11
30 124
30 84
30 70
30 119
30 29
30 81
30 96
30 75
30 99
30 4
30 73
30 24
30 103
30 81
30 26
30 24
30 39
30 47
30 10
30 67
30 57
30 37
30 25
30 103
30 108
30 74
30 102
30 17
30 4
30 30
30 51
30 84
30 33
30 109
30 58
30 86
30 113
30 76
30 114
30 1
30 74
30 36
30 89
30 52
30 56
30 39
30 104
30 24
30 82
30 84
30 112
30 66
30 31
31 50
31 56
31 72
31 29
31 18
31 45
31 30
31 16
31 98
31 67
31 65
31 45
31 74
31 19
31 36
31 74
31 18
31 17
31 23
31 125
31 9
31 50
31 82
31 119
31 57
31 122
31 65
31 126
31 125
31 119
31 91
31 37
31 88
31 19
31 113
31 82
31 18
31 23
31 75
31 30
31 6
31 1
31 93
31 51
31 96
31 63
31 41
31 44
31 114
31 69
31 109
31 77
31 55
31 4
31 80
31 1
31 98
31 7
31 41
31 94
32 34
32 44
32 97
32 19
32 44
32 6
32 96
32 63
32 46
32 25
32 92
32 86
32 56
32 23
32 56
32 42
32 27
32 11
32 67
32 23
32 47
32 52
32 37
32 119
32 117
32 114
32 127
32 53
32 96
32 60
32 54
32 60
32 6
32 8
32 39
32 43
32 47
32 93
32 115
32 17
32 45
32 103
32 23
32 14
32 76
32 9
32 122
32 101
32 38
32 73
32 40
32 116
32 25
32 101
32 90
32 4
32 86
32 62
32 76
32 52
33 9
33 6
33 75
33 105
33 72
33 40
33 105
33 19
33 110
33 20
33 1
33 108
33 25
33 49
33 26
33 119
33 9
33 62
33 9
33 12
33 30
33 95
33 78
33 59
33 104
33 61
33 26
33 96
33 124
33 86
33 53
33 79
33 84
33 72
33 86
33 29
33 100
33 68
33 73
33 52
33 61
33 5
33 76
33 115
33 58
33 22
33 108
33 57
33 58
33 31
33 56
33 105
33 24
33 118
33 28
33 4
33 60
33 19
33 42
33 109
34 93
34 87
34 11
34 37
34 80
34 45
34 69
34 91
34 49
34 83
34 95
34 113
34 16
34 104
34 49
34 43
34 119
34 107
34 27
34 78
34 1
34 3
34 51
34 122
34 22
34 125
34 71
34 19
34 2
34 109
34 109
34 22
34 126
34 2
34 14
34 111
34 100
34 48
34 31
34 122
34 59
34 87
34 94
34 85
34 69
34 45
34 100
34 50
34 62
34 117
34 43
34 68
34 30
34 127
34 5
34 50
34 40
34 14
34 9
34 72
35 125
35 100
35 21
35 68
35 86
35 14
35 100
35 108
35 95
35 37
35 101
35 20
35 125
35 93
35 119
35 107
35 99
35 18
35 114
35 119
35 117
35 46
35 58
35 12
35 50
35 104
35 119
35 122
35 49
35 56
35 7
35 8
35 51
35 117
35 78
35 116
35 31
35 124
35 123
35 74
35 1
35 88
35 73
35 9
35 85
35 28
35 48
35 123
35 15
35 63
35 89
35 122
35 87
35 50
35 9
35 68
35 7
35 77
35 59
35 26
36 91
36 110
36 55
36 48
36 95
36 13
36 82
36 106
36 37
36 48
36 87
36 49
36 84
36 87
36 66
36 66
36 44
36 29
36 123
36 118
36 30
36 33
36 42
36 60
36 6
36 91
36 62
36 106
36 45
36 53
36 63
36 52
36 84
36 30
36 78
36 24
36 43
36 110
36 111
36 28
36 21
36 26
36 109
36 13
36 93
36 111
36 66
36 8
36 56
36 25
36 14
36 48
36 109
36 33
36 58
36 1
36 7
36 43
36 93
36 26
36 116
36 114
36 113
36 66
37 120
37 69
37 110
37 125
37 64
37 105
37 77
37 38
37 10
37 76
37 13
37 69
37 116
37 29
37 117
37 18
37 93
37 30
37 90
37 38
37 32
37 63
37 50
37 103
37 21
37 24
37 70
37 69
37 127
37 40
37 75
37 24
37 31
37 51
37 42
37 12
37 95
37 49
37 32
37 23
37 60
37 26
37 61
37 4
37 30
37 27
37 25
37 43
37 69
37 19
37 88
37 126
37 122
37 62
37 116
37 53
38 112
38 109
38 32
38 90
38 57
38 65
38 57
38 56
38 56
38 63
38 81
38 34
38 103
38 24
38 50
38 74
38 34
38 84
38 100
38 100
38 46
38 28
38 1
38 103
38 70
38 8
38 122
38 24
38 46
38 95
38 20
38 126
38 7
38 15
38 18
38 99
38 45
38 30
38 85
38 60
38 56
38 6
38 123
38 63
38 87
38 27
38 97
38 117
38 3
38 39
38 38
38 86
38 24
38 27
38 50
38 41
38 126
38 121
38 86
38 112
39 76
39 95
39 20
39 17
39 19
39 60
39 3
39 6
39 6
39 87
39 111
39 111
39 67
39 120
39 38
39 51
39 61
39 54
39 21
39 2
39 74
39 103
39 70
39 66
39 28
39 15
39 81
39 40
39 36
39 125
39 123
39 100
39 111
39 115
39 25
39 82
39 22
39 64
39 23
39 23
39 99
39 52
39 80
39 23
39 115
39 59
39 20
39 93
39 118
39 45
39 93
39 108
39 22
39 70
39 14
39 46
39 26
39 54
39 2
39 57
39 31
39 35
40 3
40 110
40 74
40 110
40 38
40 116
40 1
40 17
40 102
40 99
40 60
40 49
40 77
40 97
40 9
40 19
40 69
40 117
40 104
40 58
40 52
40 126
40 73
40 99
40 17
40 21
40 15
40 74
40 69
40 91
40 3
40 34
40 79
40 122
40 21
40 99
40 17
40 10
40 73
40 122
40 63
40 2
40 57
40 125
40 10
40 9
40 100
40 56
40 122
40 114
40 100
40 90
40 115
40 100
40 75
40 89
40 89
40 120
41 28
41 121
41 49
41 49
41 22
41 64
41 71
41 37
41 14
41 83
41 113
41 69
41 11
41 104
41 124
41 127
41 34
41 30
41 59
41 21
41 113
41 34
41 51
41 105
41 126
41 115
41 124
41 44
41 96
41 122
41 32
41 22
41 48
41 14
41 102
41 99
41 98
41 27
41 45
41 89
41 65
41 88
41 30
41 92
41 76
41 122
41 95
41 107
41 53
41 63
41 121
41 49
41 88
41 29
41 109
41 40
41 78
41 3
41 56
41 88
41 45
41 22
41 52
41 10
42 119
42 103
42 77
42 119
42 35
42 31
42 13
42 125
42 5
42 109
42 40
42 111
42 103
42 92
42 7
42 42
42 25
42 80
42 101
42 105
42 63
42 5
42 72
42 11
42 126
42 38
42 98
42 6
42 66
42 75
42 89
42 25
42 38
42 17
42 64
42 85
42 12
42 32
42 5
42 39
42 12
42 110
42 13
42 71
42 10
42 23
42 27
42 110
42 68
42 117
42 63
42 120
42 32
42 52
42 65
42 117
43 68
43 75
43 5
43 86
43 62
43 37
43 18
43 77
43 47
43 62
43 84
43 18
43 121
43 116
43 12
43 108
43 52
43 60
43 16
43 41
43 67
43 19
43 118
43 26
43 35
43 59
43 95
43 67
43 81
43 99
43 78
43 78
43 31
43 107
43 39
43 49
43 14
43 4
43 105
43 25
43 17
43 64
43 16
43 54
43 17
43 33
43 39
43 54
43 16
43 16
43 28
43 46
43 82
43 99
43 126
43 81
43 50
43 97
43 41
43 24
43 13
43 126
43 103
43 109
43 57
43 45
43 111
44 123
44 31
44 117
44 103
44 123
44 40
44 48
44 43
44 110
44 63
44 97
44 55
44 95
44 105
44 38
44 35
44 59
44 115
44 62
44 75
44 1
44 21
44 35
44 108
44 104
44 45
44 29
44 123
44 98
44 53
44 49
44 31
44 104
44 92
44 33
44 8
44 101
44 105
44 110
44 29
44 116
44 41
44 113
44 10
44 91
44 58
44 33
44 22
44 96
44 107
44 124
44 31
44 84
44 63
45 114
45 66
45 107
45 95
45 91
45 106
45 35
45 22
45 119
45 107
45 27
45 122
45 106
45 44
45 50
45 40
45 108
45 114
45 40
45 1
45 94
45 6
45 92
45 53
45 88
45 110
45 91
45 46
45 106
45 34
45 52
45 9
45 103
45 101
45 106
45 104
45 46
45 78
45 64
45 52
45 63
45 6
45 50
45 78
45 2
45 43
45 95
45 69
45 42
45 85
45 119
45 97
45 123
45 97
45 47
45 48
45 105
45 69
45 77
45 4
46 103
46 112
46 85
46 39
46 71
46 56
46 36
46 60
46 71
46 100
46 107
46 15
46 96
46 74
46 115
46 28
46 22
46 4
46 17
46 4
46 121
46 108
46 24
46 36
46 94
46 27
46 101
46 41
46 49
46 111
46 83
46 105
46 3
46 119
46 96
46 19
46 109
46 52
46 75
46 25
46 71
46 46
46 122
46 127
46 87
46 4
46 8
46 26
46 60
46 35
46 9
46 36
46 45
46 114
46 53
46 57
46 49
46 7
46 51
47 78
47 98
47 89
47 19
47 117
47 117
47 3
47 52
47 31
47 47
47 87
47 77
47 15
47 78
47 109
47 31
47 87
47 81
47 100
47 36
47 16
47 77
47 49
47 10
47 87
47 37
47 2
47 43
47 97
47 89
47 101
47 52
47 28
47 9
47 56
47 81
47 50
47 4
47 124
47 110
47 90
47 78
47 114
47 37
47 12
47 101
47 65
47 126
47 86
47 120
47 107
47 87
47 11
47 78
47 105
47 9
47 127
47 19
47 3
47 75
48 38
48 11
48 52
48 113
48 47
48 2
48 100
48 10
48 15
48 14
48 20
48 79
48 32
48 85
48 50
48 79
48 45
48 62
48 50
48 103
48 89
48 73
48 21
48 7
48 116
48 118
48 60
48 36
48 47
48 112
48 31
48 58
48 32
48 6
48 27
48 47
48 86
48 73
48 125
48 27
48 65
48 109
48 28
48 101
48 74
48 83
48 18
48 101
48 114
48 94
48 63
48 89
48 91
48 30
48 107
48 92
48 93
48 114
48 78
48 50
48 121
48 71
49 29
49 47
49 107
49 75
49 114
49 100
49 126
49 33
49 44
49 80
49 126
49 63
49 20
49 76
49 35
49 109
49 107
49 16
49 91
49 26
49 7
49 15
49 56
49 32
49 80
49 21
49 48
49 1
49 21
49 56
49 42
49 56
49 66
49 20
49 95
49 45
49 107
49 108
49 40
49 24
49 87
49 117
49 39
49 120
49 63
49 86
49 53
49 21
49 101
49 23
49 69
49 91
49 16
49 59
49 61
49 117
49 68
49 98
49 34
49 12
49 110
49 73
49 121
49 50
50 52
50 62
50 67
50 64
50 100
50 127
50 79
50 77
50 52
50 72
50 76
50 119
50 90
50 89
50 9
50 31
50 81
50 64
50 1
50 127
50 31
50 74
50 36
50 74
50 126
50 81
50 2
50 116
50 20
50 47
50 66
50 111
50 122
50 30
50 27
50 35
50 72
50 127
50 29
50 104
50 29
50 86
50 90
50 50
50 80
50 103
50 8
50 113
50 96
50 9
50 84
50 30
50 106
50 94
50 25
50 97
51 20
51 44
51 97
51 14
51 125
51 40
51 84
51 79
51 37
51 13
51 10
51 100
51 77
51 38
51 112
51 69
51 126
51 88
51 98
51 52
51 108
51 123
51 59
51 74
51 125
51 38
51 26
51 33
51 79
51 69
51 77
51 34
51 10
51 96
51 60
51 87
51 4
51 33
51 33
51 2
51 35
51 58
51 123
51 84
51 97
51 126
51 68
51 1
51 42
51 90
51 61
51 11
51 12
51 29
51 105
51 83
51 12
51 67
52 86
52 21
52 53
52 73
52 8
52 53
52 123
52 62
52 60
52 55
52 30
52 101
52 76
52 94
52 73
52 99
52 1
52 107
52 11
52 121
52 39
52 81
52 10
52 76
52 13
52 24
52 90
52 67
52 126
52 109
52 97
52 11
52 94
52 83
52 112
52 68
52 106
52 118
52 85
52 64
52 80
52 81
52 39
52 3
52 68
52 97
52 108
52 29
52 32
52 72
52 83
52 71
52 59
52 2
52 49
52 27
52 124
52 72
52 81
52 84
52 24
53 50
53 94
53 6
53 123
53 68
53 67
53 9
53 37
53 22
53 67
53 6
53 77
53 100
53 113
53 25
53 74
53 101
53 105
53 120
53 80
53 30
53 88
53 115
53 112
53 82
53 96
53 20
53 107
53 65
53 39
53 117
53 116
53 81
53 101
53 28
53 27
53 73
53 112
53 26
53 37
53 73
53 117
53 122
53 49
53 58
53 57
53 53
53 38
53 83
53 29
53 51
53 63
53 127
53 53
53 77
53 123
53 88
53 38
53 116
54 96
54 33
54 1
54 73
54 116
54 111
54 123
54 103
54 39
54 118
54 87
54 6
54 126
54 117
54 43
54 14
54 85
54 37
54 101
54 77
54 49
54 125
54 43
54 31
54 43
54 23
54 109
54 104
54 26
54 33
54 80
54 85
54 64
54 121
54 62
54 109
54 17
54 75
54 56
54 108
54 42
54 75
54 72
54 60
54 31
54 12
54 98
54 23
54 103
54 77
54 8
54 50
54 59
54 86
54 15
54 94
54 63
54 113
54 100
54 16
55 35
55 69
55 59
55 18
55 75
55 5
55 55
55 64
55 31
55 105
55 73
55 8
55 94
55 27
55 101
55 59
55 68
55 24
55 42
55 95
55 46
55 21
55 22
55 89
55 51
55 70
55 87
55 23
55 43
55 94
55 74
55 36
55 1
55 101
55 55
55 17
55 24
55 5
55 64
55 46
55 93
55 117
55 29
55 99
55 35
55 37
55 34
55 95
55 3
55 2
55 71
55 67
55 110
55 41
55 33
55 127
55 24
55 80
55 44
55 37
55 74
56 56
56 123
56 84
56 35
56 109
56 19
56 112
56 108
56 57
56 93
56 104
56 84
56 98
56 121
56 113
56 71
56 90
56 114
56 8
56 60
56 37
56 77
56 111
56 16
56 84
56 2
56 37
56 44
56 40
56 69
56 90
56 124
56 116
56 117
56 91
56 109
56 87
56 44
56 18
56 64
56 32
56 52
56 123
56 9
56 57
56 62
56 73
56 46
56 42
56 119
56 118
56 7
56 51
56 55
56 14
56 85
56 31
56 60
56 74
56 108
56 53
57 116
57 59
57 61
57 82
57 11
57 63
57 31
57 4
57 87
57 107
57 115
57 106
57 105
57 124
57 59
57 30
57 88
57 20
57 116
57 56
57 6
57 2
57 23
57 14
57 64
57 70
57 48
57 32
57 109
57 50
57 49
57 68
57 8
57 4
57 37
57 69
57 84
57 40
57 58
57 71
57 126
57 62
57 86
57 80
57 28
57 24
57 48
57 115
57 22
57 114
57 43
57 14
57 80
57 84
57 76
57 72
57 40
57 41
58 94
58 81
58 82
58 108
58 37
58 79
58 87
58 42
58 100
58 39
58 72
58 75
58 114
58 88
58 105
58 15
58 24
58 37
58 119
58 26
58 126
58 64
58 124
58 27
58 119
58 9
58 82
58 85
58 47
58 17
58 26
58 43
58 56
58 17
58 59
58 68
58 20
58 49
58 120
58 50
58 80
58 39
58 65
58 28
58 48
58 60
58 115
58 75
58 4
58 20
58 49
58 17
58 20
58 67
58 67
58 24
58 2
58 42
58 39
58 87
59 124
59 114
59 82
59 108
59 125
59 114
59 102
59 79
59 58
59 9
59 53
59 104
59 67
59 116
59 79
59 45
59 116
59 105
59 60
59 13
59 4
59 13
59 13
59 126
59 53
59 16
59 86
59 49
59 99
59 18
59 92
59 18
59 92
59 96
59 41
59 38
59 11
59 121
59 47
59 105
59 110
59 102
59 48
59 67
59 20
59 7
59 63
59 38
59 62
59 120
59 25
59 124
59 113
59 34
59 120
59 76
59 52
59 70
59 58
59 74
60 76
60 24
60 25
60 83
60 3
60 11
60 16
60 31
60 124
60 80
60 93
60 88
60 57
60 68
60 82
60 107
60 126
60 117
60 80
60 97
60 71
60 9
60 107
60 82
60 11
60 29
60 9
60 24
60 33
60 57
60 114
60 59
60 39
60 111
60 89
60 4
60 101
60 107
60 24
60 19
60 55
60 63
60 12
60 69
60 15
60 39
60 41
60 70
60 78
60 94
60 109
60 57
60 63
60 44
60 40
60 124
60 125
60 125
60 42
60 87
60 95
61 89
61 120
61 112
61 75
61 12
61 67
61 24
61 79
61 32
61 39
61 92
61 59
61 38
61 103
61 110
61 127
61 123
61 7
61 31
61 79
61 52
61 59
61 4
61 52
61 7
61 99
61 74
61 16
61 20
61 114
61 12
61 101
61 6
61 69
61 17
61 43
61 100
61 15
61 22
61 28
61 123
61 116
61 8
61 18
61 29
61 62
61 43
61 62
61 34
61 106
61 44
61 90
61 13
61 44
61 11
61 58
61 74
61 84
61 36
61 3
62 55
62 68
62 45
62 27
62 46
62 66
62 105
62 79
62 23
62 100
62 85
62 37
62 75
62 14
62 108
62 127
62 43
62 39
62 88
62 107
62 96
62 115
62 115
62 72
62 84
62 64
62 53
62 94
62 103
62 1
62 67
62 23
62 51
62 113
62 75
62 39
62 25
62 83
62 74
62 32
62 77
62 74
62 24
62 25
62 32
62 85
62 23
62 124
62 66
62 119
62 29
62 121
62 111
62 66
62 25
62 86
62 66
62 36
62 49
63 27
63 124
63 24
63 50
63 89
63 16
63 102
63 10
63 31
63 64
63 42
63 89
63 125
63 68
63 105
63 75
63 106
63 98
63 45
63 12
63 77
63 12
63 66
63 94
63 2
63 65
63 56
63 90
63 6
63 91
63 96
63 42
63 97
63 26
63 44
63 16
63 6
63 15
63 101
63 30
63 66
63 6
63 74
63 77
63 121
63 111
63 4
63 117
63 126
63 4
63 85
63 13
63 9
63 7
63 26
63 119
63 106
63 4
63 114
63 86
63 13
63 37
63 109
63 18
63 104
64 120
64 2
64 86
64 123
64 55
64 60
64 71
64 74
64 36
64 25
64 50
64 13
64 27
64 60
64 95
64 11
64 30
64 68
64 8
64 124
64 86
64 66
64 110
64 52
64 115
64 85
64 63
64 3
64 97
64 87
64 110
64 2
64 91
64 18
64 28
64 7
64 114
64 42
64 86
64 118
64 47
64 73
64 52
64 96
64 28
64 101
64 127
64 66
64 4
64 89
64 118
64 19
64 32
64 45
64 58
64 51
65 82
65 24
65 46
65 91
65 50
65 78
65 59
65 118
65 76
65 29
65 124
65 125
65 95
65 37
65 71
65 84
65 20
65 92
65 53
65 41
65 72
65 123
65 93
65 112
65 54
65 70
65 90
65 103
65 90
65 5
65 27
65 101
65 44
65 33
65 92
65 98
65 85
65 121
65 113
65 89
65 55
65 112
65 57
65 81
65 66
65 68
65 67
65 7
65 56
65 102
65 36
65 62
65 126
65 100
65 40
65 126
65 120
65 121
65 79
66 125
66 79
66 114
66 106
66 42
66 75
66 3
66 55
66 116
66 112
66 32
66 94
66 10
66 57
66 39
66 32
66 115
66 47
66 58
66 37
66 43
66 108
66 15
66 109
66 124
66 48
66 32
66 11
66 67
66 84
66 84
66 92
66 124
66 9
66 30
66 87
66 123
66 85
66 106
66 3
66 122
66 96
66 4
66 35
66 78
66 19
66 74
66 98
66 12
66 11
66 19
66 20
66 68
66 23
66 123
66 123
66 35
66 3
66 84
66 72
67 79
67 27
67 16
67 10
67 48
67 25
67 61
67 106
67 62
67 108
67 32
67 86
67 75
67 12
67 96
67 122
67 81
67 11
67 64
67 34
67 60
67 50
67 57
67 31
67 106
67 113
67 109
67 126
67 54
67 77
67 9
67 68
67 6
67 54
67 10
67 1
67 21
67 109
67 37
67 99
67 123
67 126
67 16
67 62
67 120
67 115
67 79
67 32
67 49
67 25
67 85
67 126
67 92
67 90
67 28
67 30
67 73
67 87
67 122
67 11
68 99
68 62
68 62
68 41
68 99
68 6
68 94
68 114
68 79
68 65
68 19
68 123
68 103
68 107
68 98
68 18
68 13
68 1
68 123
68 11
68 3
68 34
68 65
68 72
68 58
68 20
68 104
68 101
68 30
68 77
68 59
68 20
68 110
68 38
68 85
68 4
68 86
68 65
68 99
68 99
68 112
68 18
68 85
68 81
68 124
68 28
68 49
68 18
68 4
68 35
68 82
68 45
68 91
68 85
68 2
68 99
68 81
68 86
68 111
68 107
69 121
69 46
69 41
69 47
69 62
69 33
69 115
69 30
69 15
69 104
69 19
69 50
69 6
69 93
69 68
69 94
69 96
69 113
69 90
69 109
69 3
69 63
69 62
69 121
69 98
69 31
69 112
69 80
69 42
69 107
69 61
69 52
69 12
69 114
69 57
69 44
69 55
69 110
69 23
69 121
69 70
69 86
69 73
69 44
69 91
69 47
69 65
69 102
69 27
69 111
69 119
69 13
69 24
69 19
69 74
69 79
69 18
69 49
69 60
69 89
69 73
70 108
70 111
70 93
70 125
70 33
70 71
70 61
70 54
70 108
70 126
70 27
70 27
70 95
70 54
70 5
70 11
70 103
70 7
70 77
70 5
70 125
70 77
70 44
70 4
70 77
70 45
70 34
70 46
70 78
70 54
70 11
70 72
70 42
70 93
70 77
70 94
70 79
70 110
70 111
70 70
70 73
70 84
70 72
70 20
70 54
70 40
70 16
70 73
70 79
70 81
70 80
70 90
70 65
70 107
70 126
70 50
70 50
70 7
70 24
70 113
70 106
70 12
70 11
70 92
70 119
70 90
70 6
71 114
71 115
71 14
71 27
71 40
71 120
71 14
71 120
71 84
71 113
71 25
71 35
71 3
71 2
71 80
71 99
71 6
71 22
71 2
71 120
71 107
71 5
71 70
71 6
71 82
71 18
71 71
71 116
71 38
71 127
71 54
71 72
71 93
71 29
71 88
71 18
71 51
71 53
71 70
71 94
71 11
71 126
71 85
71 52
71 59
71 68
71 66
71 95
71 12
71 47
71 83
71 98
71 101
71 103
71 90
72 116
72 113
72 105
72 114
72 127
72 110
72 16
72 60
72 73
72 70
72 45
72 124
72 107
72 78
72 73
72 89
72 62
72 66
72 104
72 72
72 117
72 19
72 31
72 26
72 22
72 51
72 119
72 4
72 48
72 57
72 82
72 86
72 84
72 54
72 113
72 69
72 15
72 48
72 21
72 69
72 112
72 27
72 76
72 38
72 80
72 110
72 111
72 31
72 60
72 3
72 80
72 59
72 21
72 32
72 42
72 28
72 70
73 88
73 121
73 74
73 95
73 96
73 89
73 54
73 81
73 29
73 108
73 8
73 67
73 26
73 3
73 127
73 67
73 90
73 108
73 13
73 116
73 9
73 84
73 110
73 17
73 15
73 63
73 123
73 31
73 99
73 119
73 82
73 80
73 101
73 43
73 77
73 8
73 96
73 7
73 31
73 95
73 32
73 9
73 72
73 65
73 115
73 100
73 65
73 31
73 50
73 91
73 33
73 106
73 50
73 52
73 108
73 95
73 24
73 99
73 49
73 40
74 121
74 117
74 21
74 35
74 107
74 9
74 61
74 46
74 47
74 109
74 37
74 109
74 117
74 43
74 28
74 108
74 28
74 63
74 42
74 61
74 111
74 27
74 123
74 57
74 21
74 5
74 109
74 114
74 110
74 11
74 15
74 55
74 122
74 30
74 33
74 117
74 34
74 51
74 27
74 109
74 21
74 27
74 127
74 123
74 55
74 16
74 18
74 35
74 2
74 54
74 70
74 74
74 63
74 106
74 105
74 82
74 78
74 55
74 96
74 107
75 126
75 32
75 46
75 80
75 92
75 118
75 100
75 59
75 37
75 110
75 44
75 112
75 111
75 57
75 107
75 107
75 18
75 27
75 51
75 62
75 46
75 82
75 107
75 125
75 101
75 19
75 43
75 122
75 55
75 43
75 47
75 38
75 16
75 106
75 102
75 74
75 53
75 8
75 7
75 99
75 33
75 47
75 113
75 51
75 5
75 75
75 79
75 19
75 97
75 126
75 36
75 35
75 26
75 41
75 59
75 1
75 118
75 82
75 5
75 57
75 2
76 81
76 84
76 89
76 82
76 1
76 15
76 39
76 102
76 105
76 82
76 59
76 9
76 56
76 65
76 86
76 42
76 10
76 36
76 55
76 1
76 51
76 35
76 116
76 72
76 64
76 40
76 95
76 86
76 34
76 75
76 118
76 92
76 25
76 50
76 117
76 102
76 11
76 73
76 90
76 124
76 99
76 60
76 25
76 27
76 90
76 22
76 68
76 31
76 24
76 53
76 110
76 111
76 38
76 44
76 85
76 118
76 101
76 44
76 28
76 44
76 112
77 109
77 24
77 111
77 21
77 44
77 75
77 127
77 123
77 106
77 22
77 63
77 97
77 83
77 32
77 124
77 97
77 84
77 86
77 64
77 24
77 114
77 63
77 91
77 121
77 21
77 13
77 126
77 79
77 35
77 82
77 61
77 122
77 68
77 56
77 10
77 42
77 57
77 43
77 120
77 8
77 17
77 116
77 88
77 17
77 122
77 28
77 86
77 111
77 78
77 5
77 19
77 119
77 91
77 78
77 26
77 67
77 12
77 2
77 80
78 9
78 15
78 105
78 94
78 47
78 111
78 15
78 113
78 77
78 74
78 54
78 53
78 117
78 76
78 35
78 61
78 100
78 61
78 9
78 52
78 33
78 61
78 115
78 64
78 79
78 92
78 103
78 9
78 80
78 15
78 86
78 80
78 65
78 59
78 126
78 79
78 85
78 38
78 48
78 7
78 37
78 105
78 70
78 122
78 56
78 72
78 28
78 24
78 69
78 127
78 119
78 83
78 55
78 6
78 62
78 70
78 107
78 98
78 66
78 19
79 69
79 7
79 6
79 41
79 40
79 30
79 59
79 66
79 23
79 80
79 126
79 127
79 67
79 4
79 14
79 34
79 94
79 114
79 64
79 123
79 39
79 59
79 34
79 92
79 87
79 27
79 38
79 82
79 123
79 124
79 67
79 121
79 61
79 125
79 27
79 26
79 97
79 125
79 96
79 12
79 107
79 99
79 38
79 117
79 55
79 72
79 52
79 51
79 17
79 85
79 26
79 96
79 105
79 23
79 99
79 42
79 70
79 63
79 105
79 70
80 70
80 44
80 40
80 77
80 3
80 53
80 81
80 33
80 51
80 51
80 58
80 44
80 41
80 95
80 15
80 107
80 126
80 57
80 113
80 77
80 78
80 30
80 91
80 109
80 33
80 52
80 48
80 58
80 111
80 74
80 70
80 49
80 39
80 86
80 1
80 117
80 3
80 105
80 84
80 88
80 54
80 16
80 116
80 74
80 57
80 94
80 77
80 86
80 89
80 103
80 42
80 67
80 19
80 118
80 5
80 106
80 26
80 40
80 22
80 77
81 27
81 71
81 10
81 13
81 65
81 61
81 104
81 66
81 88
81 21
81 121
81 74
81 50
81 97
81 41
81 103
81 54
81 5
81 115
81 104
81 38
81 70
81 106
81 31
81 65
81 84
81 89
81 48
81 69
81 116
81 89
81 53
81 104
81 22
81 3
81 86
81 74
81 21
81 60
81 83
81 60
81 92
81 29
81 30
81 110
81 113
81 87
81 99
81 122
81 72
81 98
81 74
81 47
81 11
81 59
81 101
81 70
81 28
81 113
82 26
82 83
82 99
82 89
82 63
82 43
82 124
82 117
82 36
82 24
82 68
82 100
82 98
82 73
82 51
82 64
82 92
82 63
82 103
82 57
82 2
82 70
82 89
82 68
82 91
82 15
82 89
82 55
82 93
82 31
82 12
82 15
82 76
82 111
82 8
82 56
82 47
82 85
82 22
82 64
82 60
82 99
82 96
82 36
82 16
82 89
82 66
82 79
82 63
82 126
82 105
82 68
82 30
82 21
82 115
82 61
82 95
82 39
82 26
82 18
82 72
83 85
83 48
83 15
83 114
83 24
83 5
83 46
83 18
83 3
83 58
83 124
83 8
83 81
83 62
83 105
83 73
83 79
83 72
83 96
83 27
83 44
83 101
83 4
83 34
83 51
83 48
83 61
83 6
83 91
83 71
83 19
83 27
83 21
83 124
83 48
83 65
83 85
83 14
83 6
83 27
83 10
83 12
83 85
83 82
83 4
83 20
83 64
83 86
83 81
83 63
83 33
83 37
83 70
83 8
83 87
83 62
83 4
83 27
83 8
84 30
84 77
84 34
84 109
84 14
84 78
84 38
84 101
84 2
84 35
84 94
84 110
84 90
84 75
84 51
84 123
84 81
84 27
84 26
84 40
84 45
84 2
84 96
84 84
84 67
84 84
84 15
84 69
84 2
84 67
84 92
84 29
84 31
84 49
84 56
84 87
84 93
84 125
84 11
84 92
84 52
84 100
84 118
84 46
84 91
84 11
84 113
84 92
84 74
84 20
84 65
84 115
84 31
84 61
84 116
84 93
84 61
84 4
84 37
84 79
84 89
84 98
84 119
85 90
85 49
85 15
85 36
85 84
85 90
85 102
85 10
85 68
85 71
85 3
85 77
85 91
85 72
85 60
85 6
85 29
85 126
85 126
85 43
85 12
85 2
85 95
85 22
85 1
85 65
85 86
85 3
85 19
85 32
85 74
85 3
85 50
85 10
85 50
85 35
85 89
85 46
85 125
85 8
85 16
85 73
85 125
85 88
85 82
85 113
85 106
85 91
85 3
85 107
85 73
85 34
85 40
85 45
85 127
85 127
85 76
86 32
86 74
86 113
86 28
86 45
86 125
86 11
86 44
86 38
86 59
86 111
86 40
86 106
86 110
86 38
86 116
86 47
86 100
86 58
86 28
86 110
86 39
86 20
86 45
86 57
86 112
86 83
86 1
86 20
86 13
86 34
86 57
86 96
86 112
86 69
86 77
86 54
86 31
86 68
86 50
86 106
86 121
86 116
86 73
86 88
86 41
86 22
86 53
86 14
86 39
86 54
86 50
86 79
86 46
86 6
86 37
86 43
86 60
86 75
86 20
86 54
87 37
87 70
87 108
87 116
87 105
87 30
87 22
87 99
87 81
87 34
87 16
87 14
87 58
87 108
87 60
87 97
87 22
87 86
87 87
87 39
87 124
87 8
87 106
87 6
87 101
87 82
87 97
87 75
87 42
87 81
87 52
87 69
87 38
87 50
87 106
87 54
87 104
87 55
87 90
87 51
87 91
87 91
87 44
87 89
87 20
87 110
87 10
87 33
87 118
87 8
87 7
87 94
87 29
87 63
87 71
87 112
87 73
87 89
87 48
88 19
88 14
88 61
88 60
88 67
88 100
88 108
88 88
88 101
88 113
88 77
88 98
88 115
88 41
88 42
88 52
88 72
88 8
88 62
88 60
88 10
88 71
88 119
88 70
88 79
88 119
88 117
88 77
88 98
88 47
88 7
88 74
88 120
88 26
88 24
88 29
88 69
88 40
88 125
88 33
88 28
88 22
88 14
88 119
88 115
88 89
88 109
88 37
88 58
88 76
88 97
88 92
88 49
88 84
88 41
88 106
88 101
88 26
88 47
88 40
89 63
89 50
89 39
89 60
89 44
89 95
89 84
89 111
89 47
89 71
89 70
89 106
89 35
89 99
89 40
89 108
89 44
89 118
89 66
89 37
89 114
89 26
89 111
89 6
89 66
89 78
89 36
89 68
89 94
89 36
89 94
89 51
89 27
89 66
89 49
89 96
89 59
89 84
89 50
89 61
89 91
89 99
89 74
89 54
89 119
89 50
89 117
89 5
89 106
89 67
89 33
89 116
89 63
89 6
89 69
89 97
89 30
89 26
89 43
89 29
90 109
90 13
90 96
90 48
90 93
90 78
90 62
90 43
90 118
90 17
90 34
90 112
90 84
90 110
90 74
90 87
90 118
90 11
90 89
90 48
90 117
90 46
90 109
90 38
90 10
90 43
90 112
90 2
90 49
90 122
90 58
90 57
90 104
90 69
90 15
90 39
90 82
90 36
90 27
90 11
90 110
90 98
90 91
90 82
90 87
90 121
90 2
90 38
90 2
90 111
90 114
90 72
90 94
90 1
90 16
90 31
90 87
90 9
90 85
90 51
91 84
91 15
91 105
91 52
91 72
91 100
91 30
91 41
91 110
91 25
91 106
91 14
91 91
91 21
91 57
91 101
91 1
91 80
91 126
91 103
91 113
91 44
91 59
91 48
91 46
91 96
91 103
91 107
91 65
91 52
91 59
91 55
91 122
91 103
91 97
91 101
91 72
91 96
91 79
91 87
91 57
91 89
91 44
91 26
91 117
91 122
91 40
91 63
91 82
91 48
91 36
91 111
91 119
91 111
91 28
91 91
91 9
91 24
91 3
91 116
92 77
92 86
92 21
92 33
92 105
92 18
92 14
92 59
92 38
92 94
92 7
92 19
92 62
92 25
92 26
92 65
92 77
92 40
92 28
92 89
92 15
92 6
92 31
92 48
92 13
92 47
92 55
92 55
92 14
92 15
92 37
92 115
92 115
92 47
92 109
92 19
92 86
92 31
92 121
92 41
92 82
92 85
92 70
92 7
92 89
92 14
92 50
92 126
92 114
92 82
92 84
92 59
92 89
92 38
92 34
92 54
92 35
92 102
92 111
92 17
93 88
93 106
93 69
93 36
93 64
93 11
93 81
93 76
93 44
93 31
93 118
93 63
93 32
93 67
93 1
93 3
93 93
93 119
93 28
93 79
93 17
93 102
93 5
93 73
93 40
93 9
93 7
93 49
93 119
93 121
93 13
93 3
93 67
93 36
93 88
93 16
93 83
93 3
93 53
93 120
93 91
93 92
93 3
93 102
93 83
93 5
93 85
93 95
93 74
93 72
93 25
93 93
93 54
93 38
93 70
93 20
93 118
93 37
93 49
93 109
94 101
94 5
94 58
94 63
94 22
94 3
94 85
94 21
94 88
94 95
94 38
94 43
94 92
94 93
94 51
94 60
94 93
94 108
94 26
94 16
94 4
94 97
94 22
94 30
94 39
94 91
94 87
94 43
94 17
94 54
94 66
94 127
94 87
94 8
94 42
94 59
94 107
94 79
94 105
94 76
94 92
94 65
94 87
94 19
94 71
94 107
94 33
94 45
94 88
94 79
94 32
94 102
94 98
94 91
94 79
94 17
94 127
94 82
94 106
94 107
94 86
94 69
94 86
94 109
95 79
95 57
95 70
95 71
95 101
95 89
95 81
95 94
95 13
95 35
95 101
95 36
95 53
95 44
95 90
95 97
95 62
95 52
95 30
95 109
95 123
95 105
95 24
95 2
95 65
95 17
95 73
95 43
95 20
95 8
95 20
95 1
95 30
95 10
95 2
95 78
95 58
95 15
95 29
95 30
95 9
95 4
95 21
95 58
95 29
95 67
95 127
95 3
95 113
95 15
95 64
95 12
95 5
95 1
95 16
95 59
96 27
96 106
96 24
96 49
96 27
96 54
96 95
96 65
96 121
96 108
96 56
96 59
96 10
96 55
96 89
96 23
96 119
96 65
96 93
96 124
96 90
96 10
96 89
96 9
96 68
96 18
96 65
96 103
96 93
96 79
96 27
96 47
96 123
96 7
96 59
96 31
96 22
96 11
96 77
96 105
96 23
96 23
96 117
96 116
96 108
96 10
96 95
96 114
96 107
96 118
96 32
96 80
96 64
96 52
96 33
96 66
96 110
96 68
96 84
96 81
97 107
97 101
97 118
97 43
97 49
97 75
97 66
97 10
97 98
97 17
97 93
97 44
97 64
97 18
97 53
97 89
97 10
97 91
97 81
97 40
97 57
97 70
97 69
97 98
97 25
97 39
97 56
97 3
97 56
97 98
97 56
97 68
97 100
97 71
97 80
97 27
97 74
97 45
97 58
97 40
97 126
97 72
97 79
97 82
97 77
97 29
97 35
97 94
97 93
97 97
97 22
97 38
97 49
97 111
97 116
97 76
97 64
97 42
97 34
97 93
97 68
97 41
97 98
97 26
98 89
98 31
98 104
98 82
98 115
98 81
98 28
98 20
98 3
98 14
98 88
98 89
98 126
98 52
98 15
98 21
98 98
98 31
98 76
98 55
98 5
98 101
98 73
98 43
98 40
98 62
98 16
98 104
98 38
98 13
98 48
98 101
98 110
98 91
98 71
98 110
98 115
98 67
98 86
98 45
98 10
98 7
98 12
98 21
98 80
98 11
98 33
98 121
98 23
98 61
98 107
98 117
98 104
98 89
98 39
98 102
99 41
99 7
99 30
99 17
99 7
99 86
99 103
99 87
99 29
99 123
99 110
99 56
99 40
99 11
99 80
99 120
99 4
99 112
99 88
99 23
99 110
99 7
99 37
99 61
99 100
99 3
99 104
99 69
99 16
99 31
99 98
99 12
99 56
99 99
99 95
99 11
99 12
99 51
99 93
99 99
99 89
99 91
99 80
99 125
99 78
99 70
99 61
99 3
99 72
99 90
99 73
99 113
99 56
99 85
99 96
99 50
99 114
99 99
99 24
99 19
99 102
99 122
99 72
99 6
99 56
100 102
100 28
100 85
100 52
100 83
100 102
100 40
100 47
100 115
100 62
100 123
100 93
100 77
100 7
100 50
100 29
100 39
100 106
100 53
100 107
100 1
100 114
100 114
100 51
100 112
100 56
100 83
100 5
100 86
100 20
100 16
100 8
100 85
100 114
100 63
100 71
100 108
100 127
100 50
100 4
100 51
100 75
100 85
100 98
100 47
100 106
100 48
100 11
100 5
100 39
100 41
100 94
100 36
100 19
100 15
101 25
101 4
101 91
101 15
101 86
101 20
101 127
101 3
101 22
101 118
101 100
101 51
101 83
101 64
101 54
101 44
101 52
101 6
101 115
101 67
101 31
101 105
101 90
101 14
101 88
101 39
101 99
101 112
101 113
101 46
101 46
101 80
101 41
101 49
101 86
101 92
101 104
101 113
101 11
101 126
101 101
101 38
101 87
101 91
101 78
101 58
101 108
101 2
101 74
101 105
101 86
101 5
101 110
101 35
101 86
101 62
101 12
101 74
101 14
101 4
101 2
101 24
102 99
102 110
102 121
102 64
102 106
102 33
102 123
102 82
102 40
102 72
102 11
102 63
102 83
102 80
102 75
102 88
102 118
102 15
102 50
102 55
102 71
102 112
102 72
102 34
102 24
102 108
102 87
102 63
102 100
102 70
102 19
102 3
102 8
102 123
102 50
102 51
102 107
102 127
102 30
102 36
102 104
102 1
102 99
102 49
102 81
102 61
102 3
102 3
102 1
102 46
102 1
102 42
102 127
102 41
102 122
102 27
102 105
102 122
103 55
103 16
103 6
103 63
103 38
103 113
103 108
103 64
103 51
103 54
103 36
103 90
103 59
103 18
103 95
103 116
103 100
103 54
103 108
103 88
103 127
103 119
103 45
103 79
103 111
103 17
103 123
103 27
103 58
103 83
103 110
103 94
103 61
103 10
103 13
103 102
103 67
103 95
103 13
103 99
103 79
103 5
103 12
103 38
103 44
103 85
103 93
103 20
103 64
103 97
103 7
103 75
103 14
103 103
103 63
103 18
103 50
103 30
103 120
103 107
103 9
103 18
103 10
103 105
103 53
104 105
104 35
104 84
104 6
104 32
104 116
104 55
104 44
104 51
104 80
104 111
104 40
104 88
104 43
104 64
104 113
104 1
104 86
104 96
104 67
104 4
104 14
104 17
104 118
104 10
104 120
104 125
104 124
104 78
104 92
104 58
104 84
104 95
104 33
104 35
104 87
104 32
104 11
104 52
104 51
104 116
104 58
104 49
104 39
104 112
104 94
104 93
104 86
104 60
104 26
104 72
104 49
104 121
104 27
104 25
104 80
105 33
105 93
105 39
105 90
105 27
105 95
105 14
105 34
105 82
105 100
105 22
105 95
105 75
105 1
105 34
105 28
105 91
105 113
105 30
105 43
105 63
105 20
105 96
105 125
105 123
105 8
105 10
105 83
105 91
105 79
105 45
105 109
105 78
105 74
105 85
105 23
105 76
105 55
105 71
105 126
105 111
105 49
105 91
105 24
105 97
105 30
105 97
105 88
105 52
105 37
105 112
105 89
105 116
105 126
105 87
105 15
105 70
105 51
105 74
105 10
106 18
106 40
106 20
106 66
106 103
106 106
106 18
106 99
106 45
106 95
106 100
106 46
106 91
106 86
106 98
106 20
106 81
106 21
106 105
106 121
106 75
106 85
106 27
106 27
106 105
106 83
106 123
106 28
106 92
106 65
106 32
106 53
106 70
106 106
106 20
106 29
106 92
106 45
106 98
106 93
106 110
106 127
106 2
106 94
106 50
106 27
106 34
106 96
106 37
106 105
106 113
106 101
106 76
106 48
106 99
106 7
106 91
106 54
106 37
107 111
107 66
107 125
107 53
107 107
107 28
107 60
107 11
107 87
107 63
107 59
107 74
107 82
107 30
107 119
107 48
107 68
107 24
107 21
107 58
107 34
107 4
107 115
107 45
107 113
107 19
107 56
107 119
107 91
107 118
107 113
107 124
107 48
107 95
107 4
107 31
107 29
107 35
107 115
107 115
107 11
107 126
107 3
107 44
107 97
107 21
107 94
107 93
107 40
107 81
107 82
107 105
107 2
107 122
107 81
107 49
107 125
107 31
107 123
107 6
107 116
108 19
108 15
108 72
108 12
108 47
108 118
108 121
108 91
108 3
108 78
108 12
108 51
108 21
108 9
108 29
108 60
108 88
108 71
108 92
108 44
108 18
108 82
108 74
108 42
108 114
108 71
108 73
108 1
108 82
108 82
108 1
108 90
108 29
108 16
108 5
108 23
108 85
108 25
108 43
108 55
108 100
108 27
108 44
108 27
108 100
108 100
108 73
108 44
108 4
108 125
108 73
108 103
108 9
108 46
108 35
108 69
108 5
108 68
108 66
109 112
109 28
109 85
109 9
109 38
109 100
109 75
109 39
109 10
109 121
109 16
109 70
109 20
109 4
109 20
109 100
109 79
109 35
109 87
109 127
109 16
109 14
109 79
109 106
109 51
109 3
109 44
109 108
109 37
109 39
109 97
109 24
109 117
109 26
109 39
109 34
109 88
109 41
109 55
109 2
109 46
109 115
109 109
109 61
109 83
109 48
109 66
109 33
109 99
109 16
109 2
109 68
109 26
109 55
109 55
109 63
109 7
109 61
109 90
109 46
109 119
110 107
110 14
110 23
110 114
110 30
110 126
110 22
110 105
110 39
110 43
110 72
110 39
110 111
110 8
110 107
110 49
110 72
110 61
110 37
110 40
110 42
110 36
110 10
110 72
110 28
110 10
110 79
110 72
110 10
110 16
110 123
110 38
110 81
110 124
110 102
110 43
110 55
110 89
110 97
110 121
110 2
110 1
110 79
110 11
110 38
110 55
110 110
110 93
110 18
110 23
110 20
110 61
110 113
110 60
110 94
110 4
110 31
110 93
110 8
110 53
110 20
111 107
111 77
111 42
111 26
111 73
111 29
111 73
111 1
111 31
111 48
111 78
111 117
111 90
111 62
111 69
111 83
111 10
111 16
111 100
111 65
111 27
111 26
111 82
111 26
111 34
111 75
111 63
111 59
111 15
111 51
111 6
111 53
111 113
111 19
111 61
111 125
111 88
111 7
111 85
111 91
111 14
111 44
111 42
111 53
111 112
111 82
111 83
111 84
111 89
111 126
111 89
111 100
111 79
111 8
111 34
111 57
111 48
111 55
112 67
112 100
112 15
112 93
112 36
112 62
112 28
112 98
112 31
112 95
112 98
112 62
112 4
112 10
112 15
112 101
112 15
112 103
112 31
112 117
112 98
112 64
112 6
112 95
112 101
112 84
112 5
112 125
112 126
112 117
112 104
112 50
112 107
112 14
112 74
112 93
112 7
112 39
112 104
112 48
112 92
112 3
112 123
112 90
112 110
112 93
112 103
112 117
112 124
112 49
112 71
112 62
112 7
112 119
112 61
112 72
112 15
112 117
112 93
112 45
113 68
113 37
113 106
113 37
113 15
113 46
113 117
113 53
113 9
113 21
113 51
113 48
113 93
113 87
113 73
113 19
113 50
113 95
113 126
113 50
113 117
113 76
113 1
113 65
113 96
113 123
113 25
113 14
113 82
113 18
113 30
113 38
113 72
113 18
113 14
113 74
113 100
113 59
113 72
113 30
113 75
113 25
113 99
113 51
113 46
113 88
113 84
113 109
113 44
113 83
113 42
113 22
113 98
113 30
113 29
113 57
113 42
113 33
113 124
113 15
114 90
114 36
114 71
114 24
114 43
114 43
114 76
114 83
114 45
114 1
114 125
114 42
114 18
114 54
114 25
114 75
114 63
114 7
114 104
114 60
114 9
114 67
114 32
114 43
114 80
114 68
114 80
114 80
114 57
114 15
114 98
114 110
114 75
114 1
114 126
114 32
114 95
114 32
114 41
114 110
114 83
114 118
114 21
114 65
114 81
114 88
114 104
114 111
114 95
114 56
114 105
114 127
114 77
114 48
114 65
114 66
114 25
114 36
114 77
114 82
114 108
115 41
115 92
115 14
115 108
115 2
115 42
115 86
115 121
115 81
115 53
115 116
115 47
115 106
115 31
115 22
115 57
115 92
115 53
115 80
115 50
115 81
115 4
115 114
115 2
115 63
115 29
115 93
115 64
115 16
115 115
115 98
115 45
115 17
115 3
115 50
115 18
115 56
115 56
115 86
115 62
115 14
115 39
115 101
115 21
115 124
115 50
115 127
115 59
115 101
115 109
115 75
115 124
115 1
115 44
115 124
115 49
115 57
115 9
115 53
116 77
116 90
116 97
116 115
116 87
116 25
116 74
116 77
116 39
116 100
116 66
116 59
116 16
116 91
116 32
116 84
116 125
116 96
116 102
116 35
116 111
116 37
116 127
116 22
116 90
116 57
116 92
116 113
116 71
116 65
116 4
116 62
116 21
116 9
116 7
116 71
116 70
116 98
116 24
116 123
116 23
116 59
116 91
116 13
116 115
116 96
116 103
116 64
116 40
116 117
116 107
116 121
116 76
116 97
116 106
116 106
116 39
116 86
116 41
116 117
116 1
117 4
117 26
117 89
117 70
117 48
117 45
117 23
117 108
117 52
117 41
117 13
117 119
117 115
117 74
117 45
117 39
117 21
117 34
117 113
117 39
117 67
117 106
117 80
117 4
117 98
117 56
117 10
117 107
117 73
117 59
117 97
117 110
117 23
117 62
117 67
117 80
117 76
117 24
117 58
117 53
117 16
117 34
117 14
117 26
117 127
117 62
117 88
117 40
117 115
117 71
117 40
117 52
117 68
117 13
117 89
117 73
117 28
117 45
117 42
117 80
118 4
118 83
118 118
118 3
118 99
118 32
118 100
118 11
118 70
118 104
118 6
118 33
118 97
118 18
118 90
118 115
118 68
118 116
118 29
118 21
118 66
118 101
118 118
118 48
118 11
118 119
118 9
118 58
118 23
118 7
118 32
118 7
118 71
118 55
118 118
118 3
118 37
118 77
118 3
118 95
118 82
118 118
118 57
118 102
118 76
118 82
118 72
118 100
118 60
118 12
118 37
118 20
118 104
118 6
118 30
118 16
118 20
118 8
118 2
118 47
118 126
119 96
119 5
119 122
119 99
119 5
119 12
119 51
119 106
119 10
119 121
119 107
119 32
119 108
119 104
119 25
119 97
119 43
119 74
119 24
119 119
119 34
119 88
119 5
119 73
119 38
119 34
119 89
119 46
119 93
119 115
119 4
119 121
119 79
119 49
119 57
119 37
119 125
119 53
119 71
119 21
119 95
119 99
119 27
119 32
119 90
119 39
119 21
119 19
119 49
119 28
119 120
119 40
119 42
119 98
119 22
119 33
119 22
119 60
119 8
120 26
120 74
120 94
120 115
120 56
120 127
120 76
120 8
120 51
120 105
120 126
120 29
120 87
120 115
120 73
120 121
120 2
120 11
120 44
120 94
120 100
120 107
120 24
120 57
120 126
120 8
120 96
120 33
120 9
120 100
120 125
120 77
120 39
120 127
120 52
120 65
120 97
120 100
120 87
120 86
120 37
120 98
120 51
120 16
120 69
120 70
120 33
120 64
120 83
120 98
120 10
120 105
120 6
120 77
120 34
120 60
120 24
120 110
120 13
121 60
121 30
121 97
121 120
121 123
121 26
121 49
121 107
121 47
121 12
121 1
121 117
121 34
121 79
121 18
121 7
121 37
121 41
121 77
121 13
121 117
121 16
121 1
121 32
121 43
121 8
121 34
121 91
121 91
121 14
121 103
121 71
121 35
121 12
121 104
121 114
121 17
121 64
121 78
121 67
121 80
121 28
121 96
121 1
121 48
121 32
121 107
121 39
121 3
121 1
121 24
121 11
121 51
121 13
121 119
121 19
121 41
121 103
121 113
121 120
121 121
122 75
122 2
122 52
122 70
122 87
122 13
122 37
122 8
122 90
122 18
122 13
122 54
122 1
122 22
122 127
122 57
122 68
122 85
122 58
122 56
122 78
122 63
122 45
122 36
122 98
122 43
122 70
122 73
122 18
122 55
122 90
122 75
122 55
122 56
122 65
122 17
122 93
122 52
122 27
122 47
122 48
122 5
122 38
122 72
122 24
122 113
122 62
122 49
122 89
122 124
122 6
122 13
122 60
122 28
122 35
122 89
122 82
122 78
122 93
122 62
122 48
123 33
123 12
123 114
123 124
123 29
123 63
123 3
123 37
123 46
123 12
123 68
123 100
123 90
123 118
123 106
123 62
123 77
123 111
123 91
123 97
123 40
123 101
123 89
123 3
123 127
123 119
123 67
123 6
123 121
123 85
123 92
123 16
123 49
123 72
123 3
123 118
123 70
123 43
123 94
123 74
123 12
123 72
123 45
123 17
123 108
123 60
123 68
123 105
123 77
123 89
123 8
123 39
123 96
123 57
123 9
123 1
123 116
123 35
123 102
123 125
124 47
124 12
124 5
124 76
124 50
124 107
124 48
124 80
124 25
124 87
124 94
124 18
124 23
124 25
124 72
124 15
124 46
124 78
124 54
124 91
124 52
124 89
124 36
124 97
124 107
124 33
124 59
124 91
124 97
124 106
124 31
124 31
124 70
124 125
124 102
124 94
124 8
124 102
124 101
124 8
124 10
124 25
124 54
124 26
124 25
124 40
124 20
124 89
124 71
124 77
124 79
124 105
124 106
124 3
124 36
124 61
124 57
124 70
124 4
124 58
124 26
125 32
125 8
125 55
125 13
125 3
125 38
125 97
125 109
125 25
125 105
125 38
125 101
125 16
125 11
125 51
125 91
125 39
125 76
125 35
125 9
125 41
125 99
125 33
125 35
125 40
125 69
125 30
125 22
125 105
125 45
125 31
125 96
125 36
125 96
125 103
125 70
125 93
125 18
125 37
125 78
125 37
125 23
125 28
125 6
125 10
125 12
125 80
125 96
125 5
125 126
125 28
125 30
125 2
125 24
125 115
125 121
125 96
126 27
126 109
126 63
126 20
126 94
126 7
126 16
126 63
126 88
126 124
126 79
126 98
126 27
126 66
126 54
126 93
126 109
126 45
126 10
126 7
126 40
126 90
126 63
126 66
126 58
126 71
126 59
126 109
126 48
126 47
126 59
126 63
126 87
126 8
126 88
126 25
126 84
126 106
126 49
126 4
126 117
126 17
126 54
126 81
126 120
126 112
126 81
126 18
126 79
126 81
126 74
126 86
126 14
126 66
126 2
126 110
126 70
126 30
126 9
126 121
127 43
127 17
127 62
127 23
127 72
127 72
127 33
127 109
127 71
127 96
127 42
127 80
127 96
127 99
127 116
127 105
127 55
127 93
127 68
127 90
127 53
127 34
127 49
127 101
127 104
127 106
127 125
127 126
127 86
127 93
127 105
127 104
127 103
127 100
127 25