5 48
5 86
5 47
5 81
5 37
5 63
5 89
5 106
5 86
5 4
5 17
5 125
5 34
5 23
5 126
5 39
5 115
5 89
5 33
5 33
5 112
5 24
5 31
5 17
5 76
5 92
5 46
5 26
5 119
5 85
5 2
5 79
5 7
5 28
5 103
5 90
5 48
5 32
5 30
5 70
5 87
5 48
5 76
5 57
5 85
5 28
5 117
5 57
5 64
5 99
5 104
5 44
5 71
5 52
5 11
5 24
5 97
5 33
5 113
5 43
5 79
5 87
6 27
6 13
6 63
6 59
6 10
6 115
6 52
6 19
6 86
6 115
6 16
6 117
6 65
6 95
6 30
6 99
6 18
6 118
6 101
6 84
6 32
6 75
6 42
6 50
6 107
6 96
6 41
6 17
6 37
6 5
6 99
6 30
6 82
6 18
6 119
6 27
6 108
6 100
6 47
6 94
6 99
6 63
6 91
6 96
6 16
6 44
6 88
6 108
6 17
6 105
6 63
6 125
6 4
6 27
6 66
6 2
6 95
6 68
6 24
6 97
7 28
7 91
7 100
7 1
7 67
7 34
7 119
7 30
7 104
7 38
7 44
7 102
7 58
7 47
7 48
7 40
7 5
7 106
7 104
7 19
7 32
7 124
7 84
7 40
7 47
7 60
7 118
7 3
7 109
7 29
7 57
7 16
7 109
7 6
7 14
7 20
7 75
7 68
7 3
7 75
7 66
7 91
7 14
7 2
7 108
7 69
7 59
7 49
7 75
7 77
7 91
7 57
7 17
7 82
7 51
7 14
7 28
7 96
7 13
7 57
8 39
8 91
8 20
8 68
8 32
8 34
8 40
8 110
8 19
8 84
8 126
8 33
8 60
8 119
8 31
8 53
8 29
8 41
8 33
8 2
8 31
8 43
8 12
8 114
8 18
8 30
8 122
8 47
8 83
8 19
8 54
8 84
8 11
8 38
8 71
8 112
8 126
8 101
8 46
8 38
8 54
8 10
8 110
8 46
8 107
8 119
8 12
8 103
8 5
8 116
8 5
8 15
8 47
8 9
8 99
8 43
8 44
8 91
8 107
8 15
8 95
8 37
9 47
9 81
9 56
9 73
9 87
9 64
9 9
9 115
9 80
9 120
9 82
9 22
9 84
9 121
9 78
9 54
9 49
9 58
9 46
9 26
9 69
9 78
9 115
9 125
9 94
9 92
9 10
9 104
9 104
9 6
9 73
9 127
9 12
9 91
9 54
9 108
9 83
9 52
9 75
9 18
9 27
9 62
9 61
9 44
9 28
9 20
9 20
9 70
9 56
9 90
9 19
9 13
9 50
9 75
9 40
9 40
9 89
9 12
9 35
10 117
10 126
10 25
10 114
10 46
10 58
10 28
10 83
10 11
10 15
10 87
10 32
10 13
10 123
10 98
10 11
10 67
10 45
10 8
10 92
10 113
10 122
10 77
10 120
10 20
10 39
10 45
10 117
10 109
10 120
10 106
10 37
10 47
10 113
10 57
10 64
10 99
10 110
10 38
10 25
10 83
10 72
10 50
10 127
10 84
10 115
10 113
10 88
10 6
10 38
10 18
10 80
10 54
10 112
10 96
10 19
10 90
10 104
10 74
11 40
11 7
11 3
11 78
11 51
11 36
11 75
11 93
11 41
11 15
11 125
11 95
11 85
11 46
11 83
11 15
11 48
11 9
11 92
11 29
11 12
11 90
11 47
11 78
11 21
11 71
11 69
11 40
11 71
11 116
11 103
11 32
11 89
11 9
11 53
11 2
11 53
11 123
11 9
11 17
11 76
11 17
11 102
11 4
11 88
11 35
11 103
11 48
11 85
11 6
11 117
11 62
11 22
11 67
11 126
11 3
11 17
11 26
11 111
11 124
12 69
12 112
12 83
12 64
12 61
12 109
12 106
12 81
12 36
12 104
12 4
12 6
12 85
12 120
12 31
12 124
12 7
12 79
12 49
12 119
12 52
12 97
12 96
12 91
12 63
12 40
12 74
12 101
12 70
12 7
12 10
12 78
12 85
12 19
12 105
12 105
12 122
12 87
12 119
12 17
12 32
12 111
12 93
12 106
12 35
12 27
12 93
12 4
12 4
12 45
12 10
12 16
12 23
12 114
12 22
12 59
12 91
12 98
12 114
12 79
13 77
13 123
13 100
13 77
13 75
13 28
13 107
13 74
13 81
13 94
13 58
13 83
13 17
13 22
13 12
13 104
13 56
13 49
13 56
13 43
13 111
13 18
13 58
13 46
13 70
13 54
13 109
13 69
13 44
13 6
13 4
13 95
13 21
13 16
13 34
13 112
13 90
13 99
13 110
13 64
13 33
13 51
13 20
13 65
13 30
13 12
13 99
13 109
13 34
13 50
13 3
13 117
13 1
13 23
13 34
13 53
13 88
13 107
13 15
13 65
13 121
13 61
14 83
14 96
14 33
14 17
14 52
14 101
14 98
14 85
14 124
14 56
14 26
14 91
14 68
14 120
14 106
14 74
14 116
14 92
14 50
14 82
14 41
14 54
14 45
14 118
14 32
14 8
14 121
14 21
14 46
14 94
14 88
14 24
14 126
14 102
14 85
14 100
14 9
14 85
14 119
14 23
14 63
14 120
14 53
14 117
14 92
14 48
14 61
14 77
14 108
14 82
14 101
14 120
14 57
14 88
14 37
14 109
14 116
14 106
15 43
15 26
15 89
15 74
15 44
15 83
15 100
15 117
15 48
15 101
15 80
15 102
15 117
15 13
15 117
15 121
15 38
15 22
15 103
15 44
15 48
15 83
15 94
15 58
15 69
15 36
15 52
15 34
15 29
15 27
15 86
15 12
15 54
15 44
15 79
15 70
15 50
15 82
15 79
15 98
15 9
15 73
15 10
15 32
15 2
15 99
15 108
15 68
15 100
15 44
15 120
15 79
15 124
15 79
15 53
15 31
15 123
15 122
15 20
15 119
16 15
16 95
16 48
16 55
16 36
16 81
16 94
16 119
16 71
16 114
16 108
16 57
16 16
16 88
16 121
16 29
16 97
16 50
16 83
16 13
16 57
16 47
16 88
16 90
16 25
16 78
16 30
16 13
16 107
16 113
16 61
16 62
16 9
16 49
16 42
16 124
16 30
16 33
16 109
16 68
16 112
16 59
16 121
16 52
16 37
16 115
16 32
16 109
16 53
16 111
16 86
16 12
16 86
16 109
16 45
16 70
16 76
16 29
16 31
16 70
16 16
17 59
17 52
17 47
17 100
17 15
17 71
17 86
17 85
17 47
17 75
17 80
17 91
17 92
17 54
17 68
17 113
17 72
17 62
17 26
17 121
17 114
17 51
17 62
17 25
17 77
17 101
17 17
17 6
17 103
17 82
17 59
17 117
17 80
17 21
17 11
17 9
17 112
17 64
17 65
17 75
17 29
17 94
17 45
17 111
17 125
17 98
17 96
17 34
17 106
17 78
17 88
17 109
17 33
17 104
17 115
17 14
17 58
17 30
17 106
18 52
18 49
18 12
18 21
18 117
18 93
18 71
18 123
18 2
18 77
18 110
18 72
18 91
18 124
18 49
18 32
18 29
18 112
18 39
18 39
18 48
18 59
18 95
18 30
18 89
18 84
18 3
18 83
18 57
18 104
18 19
18 26
18 83
18 3
18 88
18 68
18 113
18 97
18 81
18 72
18 34
18 111
18 99
18 78
18 50
18 83
18 15
18 2
18 125
18 10
18 9
18 26
18 25
18 76
18 90
18 113
18 62
18 81
18 50
18 34
18 57
19 40
19 39
19 25
19 65
19 97
19 35
19 52
19 113
19 43
19 25
19 59
19 81
19 104
19 36
19 96
19 56
19 34
19 76
19 90
19 97
19 61
19 5
19 21
19 106
19 45
19 60
19 30
19 127
19 79
19 124
19 6
19 91
19 11
19 118
19 96
19 61
19 80
19 54
19 5
19 118
19 29
19 44
19 100
19 110
19 67
19 102
19 10
19 76
19 34
19 97
19 4
19 84
19 26
19 52
19 98
19 50
19 16
19 9
19 70
20 24
20 5
20 23
20 62
20 119
20 93
20 97
20 115
20 3
20 20
20 17
20 110
20 53
20 92
20 35
20 115
20 4
20 35
20 87
20 22
20 86
20 102
20 33
20 7
20 50
20 29
20 82
20 47
20 105
20 42
20 107
20 64
20 26
20 26
20 118
20 50
20 14
20 46
20 41
20 37
20 17
20 6
20 76
20 89
20 10
20 60
20 14
20 57
20 89
20 28
20 106
20 32
20 34
20 38
20 64
20 43
20 31
20 55
20 73
20 7
20 92
20 38
21 74
21 22
21 12
21 92
21 107
21 72
21 97
21 53
21 101
21 74
21 104
21 90
21 23
21 90
21 83
21 103
21 119
21 21
21 21
21 120
21 41
21 48
21 88
21 16
21 119
21 117
21 102
21 26
21 16
21 21
21 88
21 30
21 48
21 119
21 6
21 112
21 23
21 11
21 37
21 69
21 49
21 66
21 93
21 97
21 37
21 45
21 21
21 112
21 61
21 71
21 32
21 107
21 110
21 52
21 125
21 7
21 41
21 22
22 95
22 101
22 121
22 61
22 68
22 91
22 52
22 86
22 42
22 36
22 14
22 72
22 93
22 29
22 6
22 4
22 13
22 83
22 15
22 58
22 81
22 1
22 25
22 106
22 52
22 71
22 84
22 53
22 86
22 100
22 47
22 30
22 60
22 10
22 16
22 29
22 47
22 42
22 61
22 42
22 35
22 18
22 5
22 67
22 44
22 2
22 15
22 46
22 105
22 85
22 96
22 50
22 102
22 47
22 55
22 53
22 33
22 89
22 12
22 67
22 20
22 101
23 30
23 37
23 125
23 127
23 75
23 75
23 121
23 78
23 66
23 65
23 9
23 63
23 108
23 97
23 3
23 83
23 23
23 1
23 48
23 19
23 23
23 114
23 45
23 54
23 64
23 67
23 84
23 60
23 119
23 65
23 11
23 17
23 111
23 87
23 29
23 92
23 80
23 9
23 106
23 122
23 126
23 72
23 122
23 26
23 67
23 8
23 75
23 76
23 46
23 19
23 67
23 93
23 1
23 27
23 120
23 71
23 58
23 118
24 90
24 113
24 50
24 65
24 94
24 6
24 19
24 127
24 16
24 71
24 30
24 96
24 67
24 16
24 127
24 90
24 75
24 42
24 56
24 26
24 27
24 80
24 53
24 98
24 5
24 50
24 66
24 53
24 39
24 5
24 97
24 6
24 115
24 15
24 81
24 26
24 16
24 74
24 64
24 1
24 110
24 64
24 32
24 88
24 88
24 90
24 95
24 37
24 36
24 109
24 59
24 15
24 45
24 32
24 78
24 21
24 85
24 11
24 84
24 47
24 103
24 28
24 110
24 37
25 4
25 11
25 14
25 14
25 54
25 56
25 81
25 112
25 54
25 91
25 74
25 42
25 38
25 66
25 74
25 81
25 96
25 33
25 127
25 90
25 18
25 55
25 82
25 75
25 2
25 100
25 28
25 79
25 30
25 37
25 3
25 4
25 29
25 54
25 18