1 102
2 105
3 105
5 40
5 16
5 91
5 4
5 50
5 7
5 26
5 100
5 25
5 42
5 83
5 115
5 33
5 120
5 97
5 93
5 101
5 6
5 22
5 68
5 92
5 20
5 51
5 114
5 67
5 39
5 88
5 21
5 92
5 27
5 61
5 92
5 38
5 65
5 31
5 7
5 25
5 55
5 100
5 7
5 80
5 83
5 110
5 81
5 122
5 50
5 94
5 118
5 81
5 31
5 110
5 36
5 50
5 50
5 109
5 51
5 71
5 60
5 82
5 38
6 106
6 28
6 123
6 70
6 9
6 58
6 15
6 48
6 22
6 116
6 62
6 84
6 100
6 8
6 87
6 105
6 75
6 51
6 76
6 28
6 96
6 18
6 90
6 34
6 110
6 99
6 30
6 39
6 39
6 28
6 93
6 96
6 40
6 56
6 2
6 109
6 4
6 105
6 127
6 26
6 45
6 118
6 5
6 63
6 106
6 112
6 35
6 53
6 6
6 78
6 21
6 92
6 123
6 117
6 54
6 11
6 71
6 74
6 45
6 19
6 60
7 71
7 22
7 108
7 99
7 120
7 90
7 80
7 21
7 95
7 66
7 59
7 34
7 108
7 64
7 117
7 29
7 100
7 63
7 125
7 109
7 46
7 75
7 94
7 106
7 50
7 102
7 45
7 119
7 86
7 42
7 113
7 66
7 47
7 48
7 88
7 59
7 50
7 53
7 24
7 21
7 71
7 67
7 79
7 102
7 122
7 31
7 17
7 32
7 118
7 80
7 25
7 19
7 91
7 61
7 101
7 60
7 34
7 112
8 50
8 104
8 116
8 19
8 84
8 26
8 79
8 88
8 73
8 102
8 82
8 33
8 25
8 13
8 12
8 58
8 25
8 97
8 118
8 18
8 118
8 125
8 81
8 67
8 17
8 31
8 53
8 82
8 43
8 45
8 17
8 5
8 127
8 81
8 88
8 21
8 54
8 111
8 120
8 52
8 14
8 114
8 20
8 21
8 63
8 104
8 12
8 52
8 7
8 102
8 10
8 48
8 49
8 26
8 120
8 75
8 113
8 34
8 52
8 117
8 12
8 82
9 113
9 54
9 99
9 127
9 64
9 52
9 86
9 38
9 125
9 99
9 89
9 103
9 7
9 9
9 91
9 106
9 5
9 62
9 122
9 15
9 78
9 89
9 73
9 65
9 115
9 46
9 114
9 38
9 46
9 34
9 117
9 107
9 57
9 112
9 7
9 75
9 110
9 31
9 64
9 112
9 122
9 25
9 65
9 44
9 95
9 38
9 18
9 99
9 113
9 65
9 127
9 7
9 86
9 111
9 81
9 11
9 106
9 39
9 73
9 100
9 45
9 94
9 41
9 36
9 14
9 64
9 52
10 111
10 60
10 50
10 15
10 43
10 78
10 94
10 46
10 120
10 8
10 108
10 100
10 20
10 105
10 55
10 11
10 43
10 64
10 33
10 48
10 64
10 91
10 83
10 22
10 20
10 110
10 82
10 78
10 32
10 32
10 114
10 101
10 88
10 45
10 70
10 39
10 30
10 32
10 111
10 23
10 62
10 61
10 60
10 17
10 120
10 74
10 99
10 104
10 89
10 1
10 54
10 93
10 67
10 17
11 28
11 32
11 82
11 124
11 65
11 24
11 118
11 101
11 72
11 69
11 51
11 68
11 55
11 91
11 27
11 19
11 55
11 62
11 96
11 63
11 13
11 18
11 118
11 7
11 4
11 53
11 74
11 51
11 92
11 57
11 18
11 70
11 13
11 57
11 108
11 79
11 27
11 94
11 17
11 101
11 78
11 29
11 20
11 113
11 36
11 121
11 61
11 49
11 43
11 43
11 71
11 125
11 112
11 50
11 69
11 85
11 23
12 93
12 4
12 97
12 115
12 72
12 45
12 100
12 60
12 63
12 23
12 32
12 62
12 46
12 93
12 125
12 51
12 21
12 124
12 105
12 67
12 71
12 51
12 20
12 15
12 14
12 23
12 110
12 50
12 100
12 74
12 95
12 1
12 52
12 28
12 36
12 100
12 60
12 101
12 68
12 69
12 11
12 88
12 66
12 105
12 61
12 60
12 97
12 104
12 69
12 72
12 109
12 37
12 93
12 117
12 20
12 107
12 74
12 116
12 125
12 26
12 53
13 33
13 8
13 102
13 35
13 12
13 126
13 63
13 73
13 41
13 11
13 42
13 81
13 21
13 83
13 3
13 84
13 84
13 93
13 92
13 68
13 53
13 115
13 92
13 46
13 110
13 81
13 69
13 3
13 99
13 93
13 46
13 124
13 39
13 20
13 126
13 114
13 75
13 107
13 19
13 126
13 103
13 57
13 31
13 112
13 68
13 46
13 69
13 14
13 68
13 124
13 94
13 64
13 113
13 2
13 118
13 39
13 79
13 48
13 78
13 102
14 102
14 39
14 44
14 64
14 11
14 109
14 62
14 105
14 59
14 76
14 20
14 14
14 95
14 60
14 120
14 24
14 1
14 87
14 51
14 90
14 31
14 127
14 118
14 37
14 61
14 88
14 6
14 27
14 57
14 89
14 78
14 117
14 92
14 124
14 58
14 106
14 65
14 1
14 45
14 104
14 34
14 112
14 46
14 4
14 60
14 98
14 107
14 18
14 33
14 51
14 87
14 39
14 6
14 27
14 63
14 94
14 64
14 7
14 38
14 110
15 125
15 12
15 96
15 57
15 90
15 27
15 2
15 3
15 11
15 63
15 1
15 89
15 46
15 95
15 116
15 46
15 73
15 98
15 123
15 86
15 64
15 20
15 91
15 61
15 127
15 58
15 6
15 127
15 58
15 98
15 76
15 70
15 109
15 94
15 72
15 106
15 89
15 72
15 29
15 67
15 68
15 27
15 126
15 25
15 106
15 117
15 68
15 14
15 28
15 61
15 42
15 102
15 25
15 125
15 46
15 108
15 40
15 94
15 78
15 45
15 107
15 75
16 39
16 97
16 31
16 61
16 4
16 49
16 98
16 95
16 76
16 121
16 96
16 13
16 65
16 5
16 22
16 97
16 77
16 36
16 104
16 101
16 27
16 44
16 66
16 78
16 43
16 13
16 88
16 20
16 105
16 117
16 101
16 28
16 44
16 65
16 103
16 95
16 73
16 32
16 101
16 101
16 120
16 4
16 57
16 28
16 9
16 82
16 64
16 68
16 17
16 107
16 122
16 50
16 51
16 36
16 118
16 53
16 109
16 98
17 92
17 108
17 85
17 93
17 58
17 43
17 40
17 111
17 74
17 120
17 99
17 125
17 87
17 91
17 7
17 31
17 8
17 16
17 62
17 66
17 116
17 95
17 62
17 88
17 4
17 122
17 105
17 127
17 82
17 56
17 34
17 114
17 35
17 70
17 61
17 44
17 1
17 100
17 10
17 37
17 108
17 62
17 35
17 125
17 118
17 20
17 123
17 93
17 65
17 118
17 57
17 25
17 102
17 111
17 126
17 53
17 109
17 62
17 7
17 49
17 78
17 114
17 28
18 102
18 21
18 55
18 104
18 80
18 25
18 71
18 17
18 8
18 113
18 95
18 125
18 33
18 87
18 95
18 22
18 25
18 39
18 124
18 87
18 29
18 29
18 11
18 54
18 48
18 77
18 34
18 59
18 51
18 90
18 59
18 8
18 12
18 84
18 124
18 116
18 21
18 61
18 73
18 52
18 127
18 78
18 106
18 56
18 45
18 18
18 63
18 114
18 43
18 47
18 112
18 76
18 84
18 114
18 81
18 37
19 42
19 14
19 93
19 116
19 18
19 119
19 79
19 105
19 18
19 75
19 87
19 34
19 43
19 41
19 126
19 15
19 108
19 87
19 57
19 74
19 84
19 100
19 43
19 118
19 123
19 64
19 104
19 47
19 47
19 24
19 104
19 122
19 127
19 125
19 34
19 90
19 19
19 93
19 120
19 13
19 74
19 65
19 78
19 105
19 66
19 61
19 13
19 83
19 101
19 41
19 76
19 78
19 111
19 14
19 51
19 15
19 84
19 42
19 47
19 35
20 16
20 77
20 85
20 127
20 5
20 102
20 13
20 97
20 90
20 98
20 67
20 54
20 71
20 68
20 37
20 79
20 12
20 66
20 30
20 63
20 53
20 50
20 84
20 92
20 117
20 95
20 117
20 93
20 93
20 40
20 118
20 81
20 120
20 90
20 118
20 20
20 87
20 43
20 46
20 15
20 83
20 99
20 41
20 82
20 26
20 8
20 29
20 74
20 121
20 76
20 99
20 51
20 78
20 31
20 110
20 4
20 59
20 67
20 123
20 100
20 22
21 35
21 16
21 26
21 2
21 15
21 99
21 80
21 92
21 49
21 114
21 9
21 91
21 101
21 104
21 92
21 15
21 115
21 18
21 18
21 8
21 70
21 78
21 10
21 38
21 57
21 80
21 107
21 89
21 115
21 24
21 38
21 64
21 42
21 106
21 98
21 97
21 44
21 97
21 7
21 80
21 97
21 33
21 64
21 44
21 59
21 75
21 8
21 81
21 69
21 117
21 45
21 16
21 46
21 17
21 29
21 79
21 62
21 92
21 50
21 45
21 121
22 4
22 59
22 69
22 86
22 115
22 68
22 86
22 31
22 11
22 117
22 119
22 62
22 72
22 122
22 94
22 53
22 99
22 4
22 4
22 87
22 80
22 47
22 87
22 87
22 115
22 17
22 26
22 104
22 36
22 62
22 25
22 59
22 52
22 4
22 19
22 116
22 60
22 91
22 121
22 57
22 105
22 50
22 8
22 34
22 4
22 94
22 122
22 51
22 70
22 78
22 117
22 52
22 111
22 77
22 7
22 40
22 27
22 59
23 73
23 123
23 41
23 98
23 18
23 21
23 14
23 36
23 19
23 53
23 66
23 95
23 104
23 40
23 119
23 90
23 89
23 104
23 80
23 40
23 55
23 56
23 41
23 40
23 50
23 1
23 67
23 101
23 45
23 124
23 13
23 115
23 20
23 119
23 79
23 41
23 118
23 17
23 46
23 111
23 64
23 88
23 126
23 76
23 112
23 93
23 4
23 6
23 67
23 28
23 8
23 110
23 55
23 20
23 88
23 46
23 117
23 35
23 83
23 31
24 41
24 125
24 15
24 105
24 5
24 58
24 13
24 61
24 12
24 26
24 37
24 76
24 122
24 22
24 34
24 54
24 55
24 79
24 81
24 117
24 12
24 111
24 10
24 25
24 52
24 55
24 24
24 24
24 31
24 97
24 25
24 18
24 1
24 127
24 79
24 80
24 31
24 119
24 89
24 90
24 19
24 16
24 80
24 89
24 21
24 118
24 3
24 78
24 85
24 80
24 42
24 95
24 47
24 43
24 110
24 110
24 107
24 45
24 34
24 82
25 56
25 19
25 109
25 43
25 33
25 52
25 4
25 6
25 17
25 34
25 15
25 80
25 13
25 9
25 13
25 42
25 43
25 59
25 105
25 103
25 22
25 127
25 23
25 5
25 20
25 24
25 55
25 87
25 14
25 88
25 106
25 43
25 32
25 126
25 2
25 85
25 103
25 118
25 106