1 107
2 31
5 11
5 72
5 127
5 76
5 20
5 27
5 108
5 61
5 71
5 13
5 30
5 107
5 76
5 23
5 36
5 75
5 114
5 30
5 107
5 19
5 107
5 80
5 1
5 9
5 69
5 58
5 127
5 96
5 35
5 53
5 98
5 33
5 78
5 117
5 85
5 3
5 103
5 8
5 126
5 3
5 41
5 5
5 103
5 68
5 86
5 35
5 119
5 66
5 79
5 48
5 20
5 33
5 76
5 11
5 114
5 96
5 99
5 124
5 5
5 96
6 54
6 54
6 22
6 50
6 39
6 66
6 43
6 63
6 73
6 122
6 68
6 77
6 8
6 127
6 44
6 35
6 107
6 64
6 124
6 113
6 98
6 102
6 58
6 10
6 48
6 82
6 18
6 21
6 126
6 64
6 38
6 41
6 2
6 43
6 38
6 43
6 50
6 71
6 51
6 86
6 86
6 47
6 21
6 19
6 93
6 76
6 77
6 52
6 49
6 23
6 106
6 68
6 124
6 85
6 38
6 63
6 42
6 68
6 42
6 10
6 40
7 53
7 118
7 42
7 113
7 29
7 121
7 28
7 66
7 41
7 108
7 1
7 31
7 124
7 48
7 80
7 30
7 5
7 10
7 65
7 96
7 37
7 84
7 39
7 75
7 106
7 21
7 49
7 32
7 96
7 31
7 40
7 93
7 20
7 87
7 125
7 124
7 121
7 86
7 8
7 44
7 57
7 102
7 3
7 31
7 32
7 78
7 48
7 38
7 82
7 125
7 22
7 83
7 101
7 49
7 63
7 119
7 126
7 56
7 57
8 31
8 127
8 2
8 22
8 78
8 52
8 40
8 17
8 112
8 3
8 29
8 30
8 97
8 50
8 59
8 32
8 122
8 41
8 1
8 42
8 119
8 35
8 4
8 66
8 49
8 23
8 114
8 97
8 52
8 103
8 105
8 51
8 78
8 118
8 82
8 32
8 23
8 60
8 108
8 53
8 30
8 24
8 45
8 74
8 59
8 1
8 44
8 14
8 10
8 41
8 85
8 70
8 65
8 79
8 66
8 72
8 8
8 106
8 52
8 92
8 83
8 92
9 45
9 29
9 99
9 31
9 21
9 3
9 68
9 73
9 77
9 50
9 116
9 24
9 33
9 123
9 116
9 54
9 67
9 2
9 4
9 40
9 54
9 106
9 96
9 17
9 87
9 40
9 9
9 46
9 36
9 74
9 99
9 112
9 90
9 61
9 66
9 33
9 67
9 76
9 80
9 104
9 76
9 30
9 34
9 9
9 91
9 86
9 43
9 15
9 42
9 91
9 27
9 84
9 26
9 36
9 46
9 29
9 26
9 117
9 68
10 114
10 29
10 11
10 34
10 24
10 81
10 64
10 123
10 119
10 91
10 76
10 46
10 62
10 90
10 63
10 59
10 10
10 94
10 49
10 13
10 116
10 114
10 127
10 7
10 103
10 15
10 66
10 109
10 2
10 88
10 82
10 34
10 30
10 113
10 30
10 6
10 5
10 27
10 111
10 5
10 37
10 89
10 12
10 113
10 41
10 21
10 93
10 109
10 1
10 95
10 56
10 25
10 42
10 10
10 106
10 79
10 30
10 28
10 67
11 23
11 116
11 108
11 48
11 1
11 16
11 38
11 110
11 72
11 119
11 21
11 65
11 35
11 117
11 8
11 11
11 58
11 127
11 30
11 48
11 6
11 66
11 35
11 58
11 39
11 105
11 120
11 61
11 103
11 74
11 69
11 122
11 68
11 10
11 55
11 30
11 17
11 34
11 45
11 83
11 49
11 22
11 28
11 21
11 7
11 74
11 68
11 69
11 114
11 127
11 54
11 18
11 20
11 38
11 17
11 43
11 89
11 52
11 99
11 76
11 79
12 58
12 122
12 45
12 91
12 14
12 43
12 77
12 46
12 9
12 101
12 80
12 69
12 59
12 116
12 57
12 97
12 33
12 43
12 54
12 7
12 17
12 21
12 64
12 125
12 97
12 103
12 71
12 64
12 102
12 22
12 22
12 57
12 3
12 55
12 112
12 104
12 47
12 73
12 112
12 97
12 48
12 11
12 94
12 78
12 69
12 85
12 113
12 71
12 62
12 88
12 54
12 85
12 109
12 55
12 105
12 110
12 84
12 87
12 16
13 9
13 74
13 6
13 127
13 81
13 110
13 127
13 28
13 113
13 71
13 30
13 7
13 55
13 67
13 92
13 101
13 12
13 76
13 65
13 12
13 84
13 57
13 10
13 59
13 78
13 95
13 67
13 108
13 66
13 21
13 28
13 20
13 20
13 124
13 26
13 55
13 40
13 15
13 23
13 79
13 73
13 25
13 21
13 125
13 117
13 11
13 114
13 51
13 15
13 23
13 66
13 115
13 9
13 125
13 58
13 95
13 9
13 77
13 69
13 5
14 14
14 13
14 13
14 21
14 6
14 79
14 46
14 61
14 68
14 27
14 88
14 30
14 38
14 115
14 25
14 72
14 5
14 27
14 101
14 8
14 54
14 37
14 111
14 13
14 84
14 118
14 99
14 70
14 57
14 112
14 113
14 122
14 24
14 59
14 24
14 90
14 95
14 119
14 118
14 14
14 15
14 80
14 87
14 27
14 73
14 64
14 94
14 78
14 59
14 40
14 33
14 24
14 101
14 36
14 110
14 78
14 44
14 42
14 13
14 36
15 79
15 117
15 94
15 124
15 14
15 58
15 20
15 53
15 103
15 83
15 51
15 83
15 89
15 67
15 17
15 9
15 92
15 70
15 92
15 84
15 12
15 79
15 36
15 34
15 104
15 102
15 118
15 19
15 115
15 9
15 34
15 92
15 69
15 110
15 19
15 111
15 98
15 44
15 127
15 68
15 99
15 112
15 26
15 126
15 1
15 24
15 70
15 18
15 1
15 58
15 109
15 3
15 15
15 21
15 25
15 14
15 12
15 75
15 8
15 82
15 61
16 17
16 80
16 23
16 102
16 35
16 89
16 70
16 112
16 68
16 60
16 12
16 86
16 96
16 8
16 98
16 81
16 120
16 50
16 71
16 113
16 34
16 15
16 97
16 110
16 45
16 4
16 119
16 45
16 90
16 76
16 77
16 87
16 18
16 105
16 7
16 113
16 81
16 23
16 105
16 19
16 30
16 98
16 41
16 98
16 108
16 96
16 4
16 57
16 93
16 67
16 103
16 53
16 25
16 30
16 43
16 76
16 96
16 50
16 45
17 32
17 33
17 45
17 75
17 26
17 22
17 43
17 14
17 24
17 12
17 33
17 36
17 117
17 22
17 26
17 4
17 123
17 28
17 101
17 44
17 31
17 37
17 8
17 107
17 17
17 112
17 55
17 114
17 122
17 16
17 85
17 15
17 62
17 94
17 58
17 76
17 97
17 122
17 70
17 103
17 90
17 71
17 34
17 85
17 7
17 32
17 101
17 105
17 103
17 73
17 111
17 72
17 100
17 46
17 11
17 24
17 110
17 71
17 44
17 64
17 110
17 107
17 119
17 111
18 13
18 29
18 76
18 88
18 89
18 98
18 27
18 93
18 24
18 93
18 113
18 57
18 38
18 111
18 33
18 39
18 108
18 122
18 14
18 85
18 19
18 40
18 2
18 94
18 95
18 33
18 38
18 49
18 119
18 111
18 27
18 108
18 78
18 9
18 74
18 38
18 70
18 13
18 76
18 80
18 21
18 9
18 86
18 107
18 120
18 7
18 119
18 102
18 67
18 54
18 21
18 42
18 26
18 118
18 29
18 107
18 30
19 8
19 46
19 49
19 14
19 110
19 68
19 94
19 50
19 66
19 70
19 51
19 51
19 35
19 38
19 112
19 116
19 79
19 68
19 121
19 9
19 51
19 27
19 123
19 49
19 18
19 4
19 78
19 117
19 21
19 58
19 88
19 103
19 28
19 111
19 20
19 83
19 96
19 69
19 121
19 22
19 94
19 47
19 26
19 77
19 36
19 45
19 98
19 106
19 62
19 7
19 112
19 2
19 127
19 119
19 32
19 94
19 61
19 49
19 113
20 21
20 87
20 2
20 23
20 49
20 46
20 93
20 10
20 106
20 74
20 24
20 96
20 29
20 59
20 79
20 47
20 77
20 94
20 19
20 19
20 100
20 14
20 126
20 15
20 109
20 60
20 59
20 16
20 116
20 8
20 82
20 29
20 69
20 77
20 35
20 22
20 85
20 21
20 3
20 15
20 82
20 30
20 62
20 62
20 66
20 4
20 97
20 93
20 109
20 75
20 58
20 9
20 69
20 57
20 75
20 67
20 89
20 69
20 50
20 53
20 22
21 81
21 106
21 52
21 54
21 3
21 5
21 87
21 98
21 34
21 60
21 34
21 116
21 80
21 4
21 18
21 123
21 126
21 54
21 91
21 125
21 38
21 111
21 43
21 4
21 101
21 85
21 38
21 6
21 24
21 29
21 67
21 24
21 69
21 30
21 94
21 30
21 125
21 13
21 36
21 18
21 3
21 51
21 111
21 113
21 18
21 3
21 62
21 105
21 36
21 102
21 1
21 115
21 51
21 53
21 125
21 18
21 117
21 41
21 73
22 107
22 57
22 49
22 8
22 41
22 112
22 56
22 26
22 91
22 121
22 23
22 2
22 8
22 27
22 43
22 2
22 50
22 34
22 5
22 84
22 120
22 115
22 119
22 23
22 23
22 86
22 45
22 7
22 14
22 89
22 119
22 4
22 93
22 120
22 41
22 115
22 26
22 48
22 31
22 55
22 18
22 95
22 116
22 89
22 96
22 35
22 54
22 100
22 74
22 118
22 49
22 12
22 70
22 104
22 71
22 40
22 118
22 78
22 127
22 34
23 54
23 55
23 33
23 52
23 72
23 91
23 115
23 49
23 100
23 5
23 118
23 109
23 37
23 105
23 111
23 60
23 18
23 1
23 10
23 46
23 15
23 22
23 107
23 116
23 73
23 19
23 103
23 77
23 4
23 91
23 25
23 50
23 58
23 104
23 81
23 90
23 72
23 121
23 73
23 33
23 114
23 52
23 13
23 81
23 16
23 123
23 107
23 58
23 75
23 20
23 103
23 118
23 73
23 52
23 1
23 24
23 19
23 93
23 72
23 41
23 78
23 65
24 41
24 6
24 35
24 127
24 60
24 99
24 127
24 29
24 108
24 109
24 16
24 45
24 118
24 116
24 102
24 88
24 64
24 101
24 95
24 17
24 12
24 61
24 94
24 44
24 31
24 115
24 39
24 91
24 95
24 71
24 93
24 125
24 94
24 33
24 113
24 102
24 85
24 22
24 62
24 82
24 125
24 33
24 27
24 76
24 40
24 109
24 18
24 73
24 124
24 21
24 109
24 79
24 117
24 110
24 116
24 81
24 74
24 54
24 87
25 80
25 46
25 54
25 85
25 2
25 39
25 95
25 120
25 34
25 32
25 59
25 4
25 74
25 28
25 59
25 41
25 82
25 26
25 6
25 4
25 90
25 23
25 76
25 1
25 93
25 41
25 11
25 103
25 112
25 27
25 113
25 120
25 25
25 76
25 13
25 79
25 64
25 106