2 36
4 50
5 62
5 21
5 36
5 11
5 25
5 47
5 34
5 37
5 36
5 103
5 65
5 39
5 6
5 65
5 49
5 105
5 70
5 93
5 121
5 81
5 92
5 69
5 65
5 63
5 122
5 80
5 75
5 107
5 112
5 14
5 106
5 24
5 69
5 92
5 18
5 88
5 91
5 76
5 83
5 41
5 6
5 33
5 82
5 75
5 23
5 50
5 77
5 2
5 52
5 1
5 101
5 23
5 31
5 105
5 43
5 21
5 123
5 14
5 68
5 127
6 11
6 75
6 116
6 102
6 76
6 37
6 38
6 35
6 78
6 106
6 86
6 121
6 66
6 105
6 70
6 6
6 62
6 64
6 75
6 6
6 109
6 49
6 119
6 97
6 41
6 18
6 21
6 85
6 100
6 109
6 58
6 107
6 74
6 123
6 109
6 101
6 85
6 120
6 2
6 85
6 62
6 87
6 7
6 12
6 111
6 100
6 77
6 84
6 80
6 72
6 99
6 112
6 76
6 15
6 108
6 117
6 48
6 89
6 102
6 15
6 13
7 114
7 22
7 7
7 34
7 104
7 41
7 46
7 4
7 36
7 92
7 23
7 89
7 118
7 112
7 96
7 90
7 26
7 63
7 10
7 11
7 101
7 26
7 125
7 86
7 4
7 95
7 22
7 28
7 31
7 17
7 124
7 55
7 79
7 46
7 106
7 38
7 119
7 14
7 76
7 54
7 9
7 11
7 118
7 93
7 28
7 64
7 91
7 118
7 98
7 58
7 103
7 1
7 8
7 70
7 94
7 27
7 32
7 91
7 87
7 101
7 90
8 71
8 91
8 112
8 16
8 105
8 65
8 102
8 97
8 19
8 59
8 83
8 111
8 27
8 122
8 30
8 65
8 102
8 21
8 104
8 18
8 124
8 125
8 62
8 41
8 31
8 103
8 111
8 14
8 18
8 50
8 108
8 41
8 91
8 85
8 52
8 81
8 92
8 57
8 27
8 25
8 11
8 14
8 34
8 31
8 116
8 120
8 99
8 55
8 4
8 56
8 115
8 87
8 29
8 103
8 2
8 76
8 33
8 43
9 45
9 125
9 70
9 117
9 33
9 92
9 15
9 101
9 118
9 13
9 59
9 34
9 64
9 104
9 69
9 52
9 15
9 83
9 48
9 102
9 36
9 119
9 3
9 103
9 89
9 17
9 69
9 32
9 112
9 26
9 56
9 5
9 125
9 95
9 39
9 19
9 64
9 14
9 9
9 12
9 96
9 10
9 65
9 52
9 96
9 21
9 6
9 125
9 39
9 66
9 31
9 84
9 118
9 73
9 44
9 115
9 109
9 67
9 3
9 105
9 115
9 65
9 63
9 8
9 8
9 37
9 89
9 8
10 104
10 24
10 21
10 34
10 49
10 34
10 19
10 51
10 75
10 22
10 83
10 92
10 61
10 101
10 9
10 16
10 104
10 65
10 87
10 121
10 121
10 10
10 105
10 17
10 92
10 121
10 17
10 67
10 76
10 124
10 74
10 71
10 123
10 104
10 35
10 80
10 76
10 10
10 66
10 25
10 68
10 49
10 12
10 118
10 32
10 19
10 39
10 105
10 110
10 25
10 95
10 76
10 25
10 84
10 16
10 58
11 3
11 24
11 55
11 114
11 119
11 45
11 59
11 109
11 112
11 58
11 39
11 92
11 80
11 71
11 10
11 13
11 91
11 37
11 11
11 54
11 104
11 4
11 103
11 2
11 58
11 50
11 84
11 73
11 28
11 92
11 57
11 89
11 85
11 118
11 78
11 36
11 52
11 56
11 119
11 10
11 51
11 4
11 64
11 108
11 71
11 108
11 48
11 83
11 106
11 17
11 53
11 79
11 83
11 118
11 86
11 25
12 81
12 82
12 59
12 111
12 69
12 49
12 36
12 98
12 53
12 5
12 8
12 37
12 69
12 3
12 107
12 70
12 75
12 106
12 13
12 82
12 121
12 119
12 87
12 106
12 76
12 7
12 88
12 82
12 72
12 35
12 25
12 53
12 51
12 96
12 120
12 119
12 90
12 87
12 124
12 68
12 5
12 69
12 38
12 126
12 90
12 95
12 36
12 29
12 110
12 25
12 90
12 75
12 27
12 86
12 4
12 1
12 54
12 89
12 24
12 94
12 108
12 33
12 54
12 52
13 24
13 72
13 126
13 64
13 19
13 66
13 24
13 73
13 51
13 10
13 124
13 127
13 120
13 107
13 33
13 99
13 65
13 121
13 20
13 105
13 45
13 59
13 18
13 10
13 36
13 79
13 32
13 103
13 10
13 58
13 33
13 19
13 81
13 4
13 106
13 100
13 44
13 45
13 26
13 22
13 37
13 27
13 41
13 30
13 115
13 110
13 122
13 13
13 82
13 26
13 110
13 81
13 77
13 56
13 10
13 102
14 25
14 61
14 58
14 75
14 77
14 8
14 16
14 120
14 47
14 49
14 73
14 6
14 99
14 99
14 115
14 54
14 121
14 44
14 55
14 120
14 48
14 107
14 78
14 23
14 112
14 34
14 48
14 30
14 50
14 46
14 68
14 118
14 61
14 36
14 36
14 76
14 7
14 24
14 17
14 91
14 53
14 97
14 110
14 126
14 120
14 111
14 91
14 91
14 127
14 52
14 73
14 73
14 88
14 85
14 24
14 15
14 97
14 116
14 125
14 64
14 80
14 86
15 56
15 80
15 83
15 43
15 116
15 97
15 24
15 81
15 82
15 51
15 4
15 83
15 53
15 78
15 38
15 73
15 79
15 38
15 3
15 30
15 7
15 80
15 12
15 22
15 99
15 1
15 62
15 38
15 96
15 67
15 126
15 31
15 123
15 120
15 61
15 51
15 112
15 93
15 11
15 102
15 74
15 73
15 79
15 12
15 49
15 89
15 67
15 6
15 67
15 74
15 61
15 22
15 75
15 46
15 22
15 13
15 64
15 89
15 92
15 103
16 5
16 90
16 63
16 81
16 54
16 109
16 76
16 41
16 41
16 52
16 38
16 10
16 110
16 52
16 10
16 3
16 85
16 34
16 95
16 37
16 18
16 48
16 95
16 88
16 87
16 107
16 99
16 83
16 57
16 70
16 43
16 26
16 110
16 18
16 56
16 97
16 9
16 104
16 120
16 10
16 69
16 27
16 14
16 84
16 59
16 97
16 33
16 80
16 110
16 18
16 73
16 3
16 1
16 83
16 118
16 123
16 63
16 12
16 23
17 123
17 46
17 115
17 57
17 43
17 59
17 120
17 8
17 87
17 1
17 90
17 84
17 12
17 73
17 72
17 100
17 49
17 115
17 79
17 99
17 105
17 89
17 43
17 83
17 11
17 28
17 22
17 98
17 12
17 116
17 67
17 46
17 70
17 87
17 55
17 12
17 60
17 18
17 17
17 19
17 96
17 18
17 19
17 34
17 125
17 104
17 36
17 93
17 104
17 25
17 29
17 125
17 90
17 17
17 86
17 34
17 59
17 80
17 61
18 5
18 65
18 114
18 31
18 117
18 45
18 26
18 73
18 96
18 94
18 16
18 54
18 12
18 110
18 35
18 64
18 31
18 23
18 41
18 60
18 23
18 80
18 34
18 108
18 22
18 55
18 126
18 97
18 91
18 123
18 80
18 20
18 46
18 124
18 116
18 61
18 30
18 44
18 125
18 113
18 10
18 1
18 60
18 35
18 12
18 82
18 33
18 100
18 5
18 36
18 100
18 108
18 115
18 5
18 112
18 90
18 102
18 1
18 112
18 34
18 58
19 7
19 36
19 97
19 62
19 58
19 23
19 48
19 79
19 78
19 39
19 77
19 107
19 112
19 84
19 81
19 2
19 35
19 82
19 47
19 66
19 44
19 109
19 63
19 103
19 31
19 61
19 120
19 96
19 49
19 86
19 107
19 25
19 82
19 120
19 98
19 10
19 17
19 72
19 114
19 4
19 77
19 63
19 25
19 85
19 32
19 87
19 81
19 86
19 101
19 105
19 65
19 65
19 8
19 103
19 69
19 37
19 90
19 45
19 84
19 79
20 32
20 50
20 122
20 126
20 125
20 88
20 1
20 115
20 42
20 51
20 119
20 123
20 3
20 58
20 92
20 120
20 126
20 97
20 112
20 8
20 108
20 15
20 31
20 70
20 118
20 47
20 13
20 90
20 22
20 68
20 72
20 9
20 84
20 122
20 66
20 26
20 102
20 71
20 86
20 90
20 52
20 89
20 80
20 110
20 20
20 11
20 58
20 111
20 71
20 111
20 97
20 73
20 107
20 53
20 8
20 47
20 78
20 113
20 68
20 45
21 8
21 12
21 81
21 52
21 61
21 92
21 120
21 3
21 79
21 31
21 102
21 119
21 113
21 125
21 26
21 54
21 72
21 14
21 103
21 45
21 126
21 11
21 72
21 42
21 110
21 92
21 93
21 57
21 60
21 80
21 95
21 86
21 14
21 27
21 110
21 74
21 49
21 115
21 5
21 51
21 115
21 11
21 124
21 49
21 8
21 107
21 61
21 32
21 95
21 107
21 115
21 1
21 1
21 18
21 20
21 96
21 72
21 50
21 31
22 34
22 28
22 82
22 98
22 67
22 42
22 111
22 28
22 81
22 85
22 106
22 37
22 67
22 97
22 6
22 18
22 55
22 100
22 80
22 9
22 76
22 105
22 68
22 124
22 23
22 38
22 109
22 67
22 16
22 54
22 109
22 64
22 37
22 50
22 63
22 12
22 49
22 9
22 97
22 97
22 38
22 106
22 50
22 70
22 43
22 94
22 28
22 83
22 94
22 93
22 124
22 105
22 106
22 76
22 48
22 104
22 106
22 5
22 84
22 75
23 124
23 95
23 102
23 109
23 11
23 48
23 6
23 80
23 50
23 124
23 44
23 61
23 45
23 22
23 91
23 7
23 106
23 36
23 72
23 61
23 118
23 70
23 80
23 37
23 40
23 100
23 90
23 11
23 77
23 9
23 36
23 52
23 19
23 52
23 101
23 85
23 97
23 58
23 62
23 19
23 116
23 36
23 35
23 100
23 113
23 41
23 51
23 69
23 20
23 18
23 26
23 41
23 53
23 74
23 73
23 105
23 92
23 28
23 54
23 60
24 29
24 1
24 68
24 64
24 39
24 98
24 30
24 124
24 10
24 17
24 114
24 82
24 29
24 12
24 92
24 43
24 21
24 64
24 71
24 28
24 28
24 79
24 26
24 121
24 24
24 7
24 8
24 109
24 106
24 76
24 55
24 112
24 79
24 4
24 126
24 62
24 100
24 27
24 85
24 30
24 106
24 66
24 34
24 56
24 127
24 55
24 102
24 113
24 126
24 1
24 114
24 41
24 108
24 45
24 15
24 28
24 121
24 8
24 95
24 11
25 115
25 9
25 54
25 7
25 115
25 101
25 67
25 8
25 42
25 113
25 32
25 44
25 82
25 19
25 107
25 76
25 59
25 115
25 114
25 105
25 13
25 69
25 48
25 41
25 68
25 89
25 104
25 32
25 100
25 43
25 111
25 6
25 4
25 98
25 27
25 115
25 104
25 107
25 18
25 106
25 25
25 75
25 66
25 94
25 27
25 112
25 72
25 1
25 61
25 114
25 81
25 14
25 63
25 23
25 117
25 16
25 108
25 44
25 31
25 76
25 100
25 73
25 117
25 124
25 3
26 16
26 64
26 31
26 99
26 3
26 15
26 73
26 109
26 31
26 66
26 120
26 104
26 40
26 108
26 37
26 69
26 124
26 91
26 47
26 19
26 29
26 84
26 86
26 73
26 2
26 110
26 113
26 65
26 38
26 53
26 115
26 46
26 102
26 85
26 3
26 75
26 105
26 43
26 8
26 22
26 105
26 7
26 33
26 111
26 87
26 94
26 69
26 73
26 100
26 65
26 123
26 27
26 46
26 40
26 2
27 94
27 48
27 61
27 63
27 14
27 1
27 124
27 70
27 26
27 27
27 12
27 71
27 2
27 34
27 126
27 105
27 28
27 25
27 32
27 62
27 116
27 21
27 56
27 9
27 120
27 64
27 73
27 107
27 28
27 97
27 73
27 55
27 91
27 27
27 27
27 59
27 47
27 113
27 57
27 40
27 114
27 71
27 62
27 8
27 99
27 15
27 56
27 116
27 66
27 108
27 122
27 9
27 17
27 35
27 25
27 78
27 86
27 78
27 40
27 90
28 81
28 96
28 94
28 87
28 66
28 119
28 5
28 85
28 97
28 80
28 6
28 72
28 22
28 30
28 72
28 28
28 8
28 47
28 46
28 58
28 70
28 119
28 53
28 48
28 124
28 97
28 88
28 36
28 5
28 32
28 1
28 89
28 60
28 103
28 17
28 115
28 18
28 34
28 36
28 44
28 26
28 115
28 109
28 49
28 90
28 115
28 5
28 25
28 84
28 115
28 4
28 85
28 67
28 93
28 51
28 118
28 94
28 122
28 85
28 11
28 5
28 32
28 101
28 123
28 73
28 39
29 65
29 93
29 40
29 65
29 37
29 83
29 30
29 58
29 24
29 75
29 63
29 36
29 90
29 46
29 58
29 112
29 50
29 65
29 15
29 6
29 84
29 64
29 111
29 98
29 32
29 76
29 60
29 34
29 83
29 99
29 102
29 90
29 32
29 86
29 110
29 54
29 94
29 15
29 61
29 106
29 123
29 117
29 56
29 49
29 49
29 42
29 28
29 4
29 14
29 3
29 81
29 71
29 32
29 120
29 70
30 8
30 4
30 126
30 94
30 108
30 59
30 120
30 111
30 91
30 57
30 7
30 92
30 51
30 93
30 32
30 84
30 16
30 39
30 98
30 59
30 38
30 57
30 33
30 25
30 103
30 62
30 113
30 39
30 91
30 38
30 61
30 107
30 65
30 103
30 62
30 112
30 90
30 64
30 10
30 45
30 59
30 42
30 117
30 104
30 14
30 87
30 110
30 86
30 1
30 72
30 41
30 105
30 90
30 119
30 42
30 95
30 4
30 120
30 121
31 19
31 21
31 11
31 45
31 90
31 28
31 42
31 26
31 6
31 72
31 11
31 13
31 12
31 2
31 29
31 55
31 56
31 59
31 39
31 44
31 127
31 67
31 122
31 94
31 120
31 12
31 83
31 68
31 117
31 115
31 78
31 121
31 42
31 99
31 120
31 49
31 73
31 31
31 81
31 82
31 72
31 69
31 70
31 25
31 15
31 2
31 2
31 17
31 121
31 99
31 31
31 37
31 29
31 32
31 40
31 73
31 25
31 112
31 53
31 6
31 66
32 71
32 96
32 115
32 106
32 19
32 41
32 93
32 43
32 89
32 5
32 108
32 58
32 117
32 70
32 6
32 29
32 124
32 78
32 40
32 39
32 40
32 42
32 13
32 20
32 25
32 104
32 36
32 100
32 10
32 121
32 115
32 124
32 4
32 37
32 68
32 5
32 52
32 114
32 21
32 63
32 56
32 66
32 109
32 73
32 125
32 2
32 89
32 46
32 10
32 120
32 101
32 63
32 95
32 105
32 1
32 119
32 33
32 1
32 86
33 104
33 47
33 99
33 98
33 105
33 99
33 79
33 36
33 82
33 20
33 44
33 82
33 3
33 45
33 40
33 12
33 127
33 101
33 110
33 80
33 126
33 121
33 14
33 6
33 7
33 89
33 7
33 87
33 103
33 122
33 69
33 17
33 57
33 111
33 68
33 48
33 89
33 75
33 97
33 87
33 122
33 89
33 127
33 98
33 27
33 76
33 92
33 121
33 53
33 112
33 20
33 115
33 41
33 41
33 42
33 1
33 76
33 91
33 115
33 48
33 63
34 110
34 123
34 92
34 42
34 11
34 52
34 106
34 75
34 36
34 1
34 76
34 72
34 23
34 16
34 59
34 71
34 33
34 48
34 9
34 68
34 95
34 93
34 103
34 75
34 125
34 31
34 48
34 79
34 11
34 56
34 116
34 38
34 44
34 126
34 120
34 45
34 2
34 64
34 28
34 3
34 34
34 64
34 39
34 58
34 57
34 71
34 102
34 85
34 1
34 88
34 112
34 23
34 48
34 101
34 48
34 20
34 91
34 57
34 51
34 96
34 20
35 79
35 127
35 33
35 20
35 62
35 120
35 89
35 44
35 16
35 69
35 34
35 4
35 106
35 76
35 5
35 23
35 79
35 11
35 91
35 107
35 79
35 57
35 38
35 116
35 29
35 86
35 5
35 121
35 78
35 63
35 15
35 81
35 55
35 86
35 8
35 6
35 72
35 59
35 112
35 82
35 35
35 80
35 67
35 53
35 18
35 94
35 12
35 75
35 94
35 108
35 40
35 50
35 109
35 97
35 42
35 80
35 87
35 70
36 77
36 90
36 41
36 8
36 21
36 110
36 110
36 96
36 127
36 10
36 65
36 49
36 99
36 75
36 117
36 59
36 79
36 59
36 52
36 97
36 91
36 90
36 95
36 41
36 68
36 21
36 100
36 74
36 124
36 97
36 51
36 109
36 88
36 56
36 82
36 6
36 45
36 113
36 107
36 25
36 58
36 116
36 125
36 50
36 124
36 45
36 52
36 67
36 123
36 93
36 50
36 88
36 27
36 110
36 57
36 92
36 112
36 98
36 95
36 63
36 59
36 125
37 20
37 91
37 32
37 88
37 60
37 15
37 81
37 75
37 67
37 108
37 125
37 74
37 120
37 23
37 4
37 80
37 26
37 5
37 107
37 124
37 39
37 22
37 17
37 90
37 40
37 86
37 39
37 40
37 66
37 15
37 78
37 49
37 11
37 94
37 67
37 5
37 45
37 84
37 105
37 85
37 75
37 6
37 21
37 82
37 3
37 114
37 116
37 27
37 126
37 18
37 26
37 105
37 52
37 83
37 118
37 25
37 97
37 113
38 90
38 49
38 104
38 126
38 17
38 107
38 43
38 96
38 74
38 125
38 28
38 54
38 25
38 96
38 108
38 90
38 53
38 6
38 105
38 8
38 17
38 123
38 117
38 48
38 73
38 99
38 14
38 24
38 104
38 56
38 51
38 96
38 82
38 81
38 45
38 50
38 56
38 111
38 72
38 43
38 48
38 106
38 107
38 26
38 20
38 114
38 38
38 95
38 84
38 32
38 7
38 43
38 106
38 48
38 49
38 22
38 31
38 119
38 105
38 118
39 15
39 85
39 76
39 95
39 5
39 34
39 72
39 112
39 99
39 77
39 60
39 1
39 114
39 97
39 25
39 39
39 74
39 90
39 19
39 123
39 114
39 66
39 20
39 32
39 109
39 27
39 87
39 58
39 94
39 86
39 12
39 103
39 24
39 49
39 72
39 84
39 89
39 48
39 85
39 69
39 1
39 78
39 70
39 76
39 111
39 111
39 95
39 18
39 106
39 118
39 13
39 11
39 51
39 48
39 79
39 42
39 86
39 84
39 56
39 121
40 85
40 25
40 28
40 101
40 91
40 66
40 47
40 111
40 80
40 75
40 85
40 71
40 125
40 70
40 120
40 106
40 65
40 108
40 123
40 92
40 44
40 55
40 73
40 60
40 112
40 122
40 41
40 5
40 56
40 41
40 22
40 85
40 20
40 59
40 95
40 7
40 65
40 90
40 24
40 38
40 50
40 88
40 89
40 71
40 125
40 4
40 109
40 47
40 1
40 55
40 19
40 5
40 7
40 88
40 122
40 17
40 22
40 89
40 22
40 108
41 40
41 70
41 72
41 105
41 99
41 40
41 4
41 109
41 112
41 73
41 64
41 125
41 107
41 104
41 24
41 95
41 108
41 92
41 47
41 43
41 64
41 60
41 111
41 29
41 51
41 7
41 97
41 119
41 34
41 76
41 78
41 91
41 72
41 111
41 109
41 55
41 92
41 38
41 113
41 8
41 95
41 30
41 39
41 84
41 101
41 91
41 53
41 5
41 74
41 31
41 60
41 46
41 54
41 71
41 103
41 46
41 4
41 118
41 123
41 46
41 22
41 112
42 24
42 5
42 4
42 66
42 59
42 38
42 118
42 20
42 101
42 2
42 4
42 85
42 105
42 119
42 2
42 106
42 42
42 73
42 54
42 77
42 97
42 16
42 5
42 121
42 38
42 89
42 126
42 75
42 78
42 121
42 63
42 76
42 26
42 119
42 69
42 30
42 8
42 92
42 35
42 55
42 118
42 120
42 27
42 100
42 114
42 77
42 68
42 63
42 2
42 71
42 55
42 101
42 113
42 110
42 89
42 88
42 43
42 91
42 44
43 23
43 64
43 87
43 124
43 101
43 117
43 105
43 51
43 123
43 60
43 127
43 100
43 89
43 37
43 79
43 110
43 85
43 120
43 114
43 47
43 107
43 3
43 26
43 50
43 44
43 12
43 112
43 71
43 22
43 34
43 103
43 112
43 49
43 86
43 61
43 88
43 121
43 13
43 103
43 41
43 60
43 12
43 4
43 92
43 64
43 15
43 3
43 81
43 18
43 49
43 123
43 85
43 67
43 105
43 85
43 2
43 93
43 46
43 11
43 8
43 126
43 97
44 58
44 3
44 40
44 49
44 5
44 118
44 16
44 8
44 46
44 80
44 9
44 58
44 16
44 28
44 12
44 110
44 38
44 92
44 73
44 102
44 84
44 55
44 18
44 92
44 31
44 54
44 40
44 114
44 81
44 96
44 98
44 23
44 69
44 102
44 105
44 12
44 65
44 114
44 8
44 68
44 85
44 34
44 48
44 25
44 127
44 94
44 73
44 117
44 8
44 82
44 19
44 90
44 126
44 115
44 109
44 29
44 76
45 90
45 88
45 57
45 14
45 121
45 50
45 95
45 17
45 97
45 71
45 104
45 22
45 36
45 112
45 57
45 36
45 20
45 44
45 40
45 75
45 67
45 28
45 36
45 41
45 1
45 120
45 61
45 9
45 48
45 90
45 42
45 76
45 93
45 32
45 66
45 1
45 44
45 66
45 52
45 120
45 54
45 105
45 51
45 105
45 61
45 29
45 10
45 29
45 117
45 108
45 71
45 4
45 13
45 81
45 86
45 7
45 121
45 82
45 17
45 7
46 38
46 113
46 17
46 98
46 99
46 119
46 66
46 122
46 85
46 51
46 25
46 91
46 119
46 121
46 60
46 40
46 117
46 9
46 17
46 17
46 116
46 40
46 28
46 1
46 80
46 102
46 51
46 28
46 40
46 58
46 59
46 66
46 75
46 62
46 20
46 78
46 60
46 75
46 27
46 31
46 92
46 95
46 51
46 23
46 24
46 46
46 110
46 65
46 62
46 52
46 25
46 26
46 50
46 69
46 42
46 27
46 108
46 1
46 74
46 14
46 101
46 9
46 61
46 37
47 114
47 14
47 124
47 120
47 38
47 52
47 28
47 93
47 8
47 126
47 82
47 54
47 104
47 98
47 13
47 50
47 20
47 54
47 11
47 60
47 26
47 33
47 30
47 103
47 87
47 119
47 95
47 47
47 46
47 52
47 120
47 110
47 88
47 110
47 80
47 72
47 92
47 22
47 13
47 11
47 67
47 30
47 122
47 35
47 125
47 2
47 79
47 57
47 71
47 62
47 12
47 27
47 47
47 12
47 111
47 58
47 7
47 122
47 27
48 38
48 36
48 103
48 110
48 64
48 39
48 59
48 102
48 102
48 58
48 67
48 72
48 50
48 8
48 85
48 117
48 23
48 42
48 23
48 86
48 4
48 13
48 58
48 117
48 10
48 124
48 5
48 79
48 31
48 45
48 50
48 105
48 20
48 20
48 58
48 34
48 35
48 51
48 21
48 9
48 40
48 99
48 11
48 1
48 58
48 63
48 51
48 86
48 60
48 94
48 87
48 26
48 93
48 68
48 46
48 47
48 47
49 87
49 121
49 64
49 69
49 9
49 109
49 27
49 84
49 18
49 6
49 23
49 102
49 59
49 81
49 44
49 114
49 60
49 6
49 47
49 16
49 48
49 8
49 75
49 33
49 100
49 98
49 10
49 65
49 89
49 37
49 106
49 50
49 115
49 1
49 31
49 110
49 57
49 127
49 21
49 7
49 69
49 87
49 94
49 1
49 60
49 16
49 24
49 75
49 17
49 58
49 90
49 34
49 23
49 105
49 125
49 31
49 89
49 107
49 6
49 63
50 116
50 33
50 51
50 115
50 76
50 61
50 50
50 120
50 96
50 5
50 94
50 31
50 38
50 120
50 54
50 78
50 5
50 10
50 21
50 56
50 76
50 45
50 88
50 1
50 22
50 29
50 86
50 5
50 60
50 69
50 97
50 83
50 40
50 29
50 46
50 101
50 119
50 123
50 87
50 38
50 87
50 69
50 80
50 91
50 63
50 111
50 1
50 36
50 67
50 67
50 113
50 76
50 55
50 54
50 103
50 54
50 29
50 83
50 61
50 81
51 71
51 113
51 118
51 44
51 18
51 32
51 54
51 69
51 101
51 28
51 66
51 116
51 67
51 42
51 19
51 120
51 28
51 57
51 72
51 4
51 117
51 88
51 74
51 65
51 23
51 102
51 122
51 116
51 100
51 78
51 109
51 100
51 121
51 109
51 58
51 121
51 64
51 117
51 24
51 15
51 68
51 105
51 49
51 14
51 94
51 14
51 5
51 74
51 77
51 66
51 3
51 102
51 63
51 7
51 47
51 46
51 2
51 76
51 13
51 9
52 95
52 104
52 103
52 68
52 53
52 47
52 16
52 88
52 73
52 42
52 66
52 85
52 30
52 35
52 119
52 61
52 89
52 105
52 102
52 108
52 120
52 113
52 33
52 107
52 88
52 76
52 42
52 18
52 69
52 44
52 79
52 29
52 46
52 3
52 63
52 62
52 45
52 74
52 76
52 30
52 45
52 121
52 107
52 50
52 103
52 89
52 104
52 90
52 45
52 13
52 125
52 37
52 79
52 67
52 116
52 72
52 28
52 70
52 32
52 20
53 9
53 116
53 93
53 34
53 114
53 17
53 97
53 80
53 34
53 45
53 59
53 21
53 26
53 50
53 94
53 6
53 117
53 51
53 12
53 42
53 12
53 89
53 121
53 79
53 28
53 81
53 80
53 19
53 13
53 64
53 92
53 16
53 121
53 57
53 69
53 47
53 35
53 76
53 50
53 118
53 18
53 32
53 12
53 100
53 86
53 84
53 44
53 87
53 55
53 35
53 18
53 117
53 64
53 26
53 114
53 125
53 121
53 58
53 98
53 91
54 59
54 14
54 28
54 16
54 74
54 103
54 64
54 54
54 112
54 50
54 80
54 90
54 66
54 116
54 114
54 23
54 37
54 93
54 100
54 65
54 10
54 85
54 3
54 126
54 43
54 23
54 117
54 50
54 2
54 106
54 83
54 22
54 54
54 120
54 44
54 74
54 72
54 4
54 7
54 93
54 18
54 77
54 89
54 24
54 62
54 56
54 113
54 48
54 107
54 126
54 61
54 62
54 80
54 110
54 78
54 49
54 48
54 26
54 56
54 53
54 96
55 10
55 3
55 82
55 67
55 8
55 124
55 82
55 119
55 19
55 49
55 75
55 120
55 98
55 24
55 62
55 127
55 52
55 125
55 72
55 83
55 77
55 102
55 74
55 6
55 25
55 79
55 126
55 7
55 12
55 5
55 55
55 90
55 82
55 113
55 53
55 61
55 59
55 40
55 94
55 116
55 33
55 59
55 118
55 14
55 46
55 112
55 52
55 77
55 85
55 63
55 33
55 5
55 26
55 61
55 85
55 77
55 64
55 16
55 37
56 44
56 85
56 116
56 94
56 9
56 74
56 105
56 18
56 84
56 50
56 53
56 101
56 120
56 105
56 101
56 88
56 25
56 98
56 80
56 99
56 96
56 6
56 95
56 102
56 90
56 67
56 95
56 83
56 101
56 125
56 31
56 18
56 34
56 21
56 53
56 74
56 104
56 106
56 50
56 123
56 46
56 61
56 122
56 83
56 6
56 61
56 78
56 99
56 68
56 31
56 126
56 105
56 27
56 72
56 110
56 37
56 54
56 105
56 17
56 63
56 106
57 37
57 108
57 127
57 82
57 50
57 75
57 65
57 55
57 79
57 110
57 121
57 79
57 99
57 36
57 40
57 52
57 23
57 74
57 120
57 11
57 110
57 97
57 100
57 74
57 110
57 118
57 102
57 24
57 33
57 109
57 46
57 28
57 7
57 5
57 96
57 108
57 80
57 121
57 112
57 9
57 9
57 50
57 56
57 89
57 71
57 64
57 108
57 38
57 26
57 108
57 102
57 82
57 43
57 84
57 61
57 68
57 73
57 20
57 101
57 13
58 113
58 116
58 122
58 119
58 87
58 69
58 65
58 72
58 55
58 21
58 93
58 119
58 29
58 3
58 43
58 82
58 84
58 87
58 88
58 90
58 117
58 81
58 108
58 72
58 92
58 111
58 101
58 50
58 32
58 36
58 91
58 124
58 30
58 73
58 17
58 110
58 25
58 104
58 20
58 58
58 6
58 82
58 88
58 59
58 49
58 50
58 33
58 81
58 45
58 117
58 72
58 66
58 126
58 34
58 116
58 60
58 123
58 51
58 122
59 65
59 89
59 90
59 71
59 120
59 72
59 90
59 34
59 82
59 62
59 96
59 34
59 92
59 57
59 125
59 109
59 120
59 60
59 51
59 82
59 74
59 59
59 113
59 116
59 5
59 55
59 113
59 50
59 76
59 16
59 119
59 68
59 28
59 98
59 47
59 102
59 124
59 105
59 8
59 29
59 38
59 1
59 7
59 14
59 111
59 83
59 62
59 10
59 84
59 86
59 23
59 68
59 116
59 60
59 46
59 12
59 91
59 48
59 44
59 42
60 22
60 109
60 60
60 65
60 99
60 100
60 111
60 104
60 46
60 121
60 1
60 33
60 125
60 115
60 22
60 37
60 7
60 81
60 49
60 100
60 90
60 120
60 33
60 82
60 70
60 1
60 99
60 14
60 109
60 83
60 70
60 49
60 47
60 37
60 80
60 125
60 36
60 121
60 127
60 99
60 119
60 63
60 121
60 87
60 125
60 114
60 96
60 91
60 20
60 82
60 38
60 61
60 4
60 109
60 53
60 96
60 105
60 5
60 126
60 107
60 117
60 98
60 104
61 36
61 59
61 61
61 41
61 111
61 34
61 99
61 116
61 109
61 105
61 90
61 108
61 104
61 117
61 113
61 106
61 92
61 39
61 80
61 29
61 86
61 45
61 49
61 38
61 19
61 114
61 126
61 61
61 11
61 41
61 126
61 42
61 58
61 37
61 108
61 76
61 66
61 8
61 82
61 19
61 6
61 44
61 71
61 85
61 87
61 39
61 87
61 22
61 58
61 113
61 36
61 93
61 78
61 119
61 100
61 82
61 48
62 16
62 3
62 127
62 116
62 74
62 78
62 11
62 50
62 126
62 55
62 26
62 90
62 35
62 90
62 126
62 4
62 17
62 68
62 30
62 12
62 37
62 65
62 69
62 126
62 7
62 92
62 21
62 126
62 37
62 122
62 89
62 62
62 116
62 126
62 42
62 82
62 6
62 54
62 38
62 67
62 28
62 40
62 66
62 34
62 41
62 93
62 77
62 75
62 40
62 77
62 57
62 21
62 69
62 126
62 79
62 6
62 107
62 13
62 111
62 121
63 81
63 100
63 28
63 114
63 118
63 111
63 55
63 51
63 94
63 39
63 9
63 44
63 4
63 40
63 99
63 125
63 17
63 16
63 42
63 8
63 67
63 89
63 110
63 56
63 105
63 67
63 7
63 50
63 29
63 73
63 102
63 78
63 76
63 75
63 47
63 121
63 113
63 41
63 58
63 8
63 80
63 72
63 112
63 66
63 115
63 103
63 107
63 113
63 49
63 31
63 113
63 5
63 51
63 101
63 36
63 21
63 12
63 70
63 63
63 51
64 26
64 48
64 54
64 20
64 95
64 57
64 91
64 38
64 119
64 69
64 84
64 11
64 121
64 116
64 122
64 92
64 21
64 43
64 3
64 122
64 111
64 106
64 31
64 15
64 89
64 28
64 119
64 50
64 21
64 16
64 22
64 51
64 126
64 21
64 107
64 40
64 2
64 123
64 62
64 33
64 118
64 6
64 92
64 68
64 39
64 79
64 96
64 69
64 70
64 43
64 79
64 2
64 85
64 7
64 78
64 41
64 64
64 81
64 49
64 13
64 19
65 117
65 57
65 115
65 78
65 63
65 117
65 98
65 86
65 114
65 11
65 95
65 89
65 76
65 35
65 20
65 10
65 96
65 82
65 27
65 1
65 5
65 82
65 52
65 93
65 79
65 54
65 48
65 49
65 22
65 77
65 62
65 12
65 100
65 23
65 4
65 41
65 6
65 31
65 105
65 21
65 8
65 85
65 110
65 124
65 96
65 23
65 39
65 125
65 24
65 1
65 57
65 9
65 10
65 125
65 58
65 126
65 76
65 9
65 87
65 10
65 29
66 22
66 42
66 114
66 80
66 100
66 27
66 99
66 62
66 5
66 38
66 112
66 81
66 10
66 115
66 122
66 68
66 124
66 97
66 121
66 60
66 126
66 58
66 21
66 11
66 39
66 77
66 105
66 120
66 114
66 10
66 58
66 51
66 39
66 115
66 120
66 72
66 77
66 48
66 18
66 9
66 2
66 123
66 81
66 42
66 27
66 94
66 37
66 61
66 109
66 46
66 96
66 81
66 8
66 13
66 89
66 40
66 33
66 57
67 105
67 52
67 89
67 45
67 37
67 74
67 53
67 63
67 79
67 2
67 43
67 56
67 27
67 111
67 113
67 95
67 47
67 51
67 21
67 15
67 101
67 29
67 38
67 85
67 107
67 44
67 42
67 107
67 80
67 4
67 16
67 111
67 124
67 114
67 116
67 61
67 122
67 106
67 12
67 72
67 18
67 25
67 99
67 103
67 35
67 32
67 106
67 12
67 72
67 8
67 102
67 117
67 19
67 61
67 101
67 54
67 44
67 84
67 20
67 96
68 43
68 111
68 78
68 51
68 40
68 107
68 104
68 21
68 40
68 116
68 78
68 17
68 42
68 85
68 111
68 115
68 94
68 62
68 77
68 111
68 74
68 79
68 79
68 43
68 4
68 4
68 93
68 92
68 86
68 79
68 106
68 112
68 44
68 119
68 94
68 124
68 21
68 71
68 111
68 105
68 24
68 26
68 98
68 111
68 19
68 35
68 58
68 107
68 57
68 31
68 40
68 19
68 87
68 55
68 93
68 5
68 19
68 31
68 6
68 87
69 1
69 91
69 61
69 54
69 31
69 7
69 20
69 74
69 66
69 11
69 78
69 32
69 18
69 66
69 89
69 108
69 51
69 85
69 54
69 37
69 120
69 113
69 99
69 52
69 29
69 82
69 75
69 122
69 116
69 108
69 115
69 6
69 109
69 90
69 38
69 105
69 77
69 39
69 27
69 94
69 38
69 87
69 88
69 49
69 9
69 38
69 61
69 64
69 16
69 68
69 98
69 11
69 114
69 44
69 93
69 57
69 91
69 38
69 93
69 110
69 34
69 43
69 121
69 19
69 127
70 71
70 24
70 28
70 42
70 41
70 35
70 81
70 45
70 15
70 96
70 92
70 39
70 74
70 113
70 108
70 100
70 19
70 62
70 70
70 16
70 38
70 80
70 39
70 17
70 100
70 42
70 67
70 1
70 91
70 9
70 6
70 82
70 15
70 120
70 104
70 32
70 29
70 31
70 60
70 117
70 102
70 74
70 118
70 42
70 42
70 107
70 67
70 19
70 76
70 122
70 28
70 8
70 91
70 91
70 92
70 20
70 125
70 111
70 38
71 42
71 83
71 49
71 13
71 31
71 90
71 127
71 111
71 97
71 90
71 114
71 24
71 4
71 11
71 116
71 113
71 103
71 23
71 10
71 32
71 85
71 42
71 23
71 50
71 57
71 2
71 81
71 46
71 38
71 108
71 21
71 55
71 32
71 112
71 37
71 101
71 41
71 121
71 115
71 59
71 8
71 106
71 108
71 105
71 99
71 92
71 111
71 124
71 87
71 7
71 21
71 113
71 127
71 61
71 101
71 77
71 15
72 77
72 53
72 42
72 49
72 70
72 34
72 126
72 45
72 53
72 2
72 8
72 35
72 80
72 127
72 13
72 49
72 112
72 110
72 86
72 55
72 99
72 13
72 116
72 74
72 72
72 92
72 69
72 34
72 79
72 104
72 102
72 8
72 34
72 22
72 69
72 61
72 69
72 42
72 7
72 24
72 119
72 10
72 92
72 13
72 29
72 118
72 10
72 84
72 91
72 127
72 7
72 62
72 85
72 60
72 95
72 85
72 102
72 59
72 111
73 15
73 27
73 61
73 68
73 56
73 40
73 54
73 111
73 6
73 76
73 55
73 108
73 17
73 62
73 103
73 13
73 17
73 111
73 91
73 56
73 121
73 14
73 27
73 46
73 86
73 119
73 4
73 125
73 75
73 57
73 63
73 110
73 30
73 122
73 81
73 91
73 93
73 123
73 35
73 46
73 4
73 97
73 60
73 100
73 88
73 95
73 50
73 92
73 60
73 94
73 75
73 4
73 25
73 47
73 11
73 8
73 113
73 70
73 15
73 57
74 122
74 107
74 7
74 77
74 57
74 16
74 115
74 8
74 41
74 33
74 27
74 78
74 17
74 19
74 15
74 48
74 89
74 125
74 105
74 25
74 53
74 23
74 13
74 119
74 6
74 112
74 10
74 65
74 104
74 28
74 86
74 115
74 6
74 4
74 86
74 9
74 127
74 104
74 99
74 59
74 38
74 102
74 29
74 42
74 92
74 36
74 60
74 79
74 117
74 34
74 49
74 2
74 113
74 35
74 103
74 50
74 122
74 99
74 84
74 61
75 36
75 50
75 31
75 27
75 107
75 75
75 122
75 30
75 97
75 47
75 117
75 68
75 50
75 120
75 67
75 36
75 108
75 82
75 17
75 75
75 124
75 62
75 63
75 88
75 76
75 20
75 80
75 24
75 112
75 76
75 123
75 62
75 45
75 108
75 96
75 117
75 4
75 62
75 80
75 17
75 82
75 113
75 124
75 42
75 74
75 37
75 80
75 83
75 82
75 88
75 77
75 99
75 39
75 44
75 7
75 58
75 103
75 11
75 51
75 47
76 73
76 38
76 53
76 28
76 75
76 67
76 16
76 63
76 46
76 83
76 45
76 26
76 30
76 120
76 43
76 16
76 122
76 92
76 46
76 117
76 46
76 82
76 31
76 115
76 6
76 71
76 56
76 27
76 122
76 105
76 31
76 58
76 104
76 98
76 74
76 81
76 64
76 62
76 90
76 5
76 125
76 125
76 113
76 88
76 102
76 32
76 12
76 103
76 118
76 92
76 4
76 5
76 50
76 11
76 82
76 36
76 111
76 15
76 108
76 124
77 32
77 107
77 92
77 37
77 38
77 62
77 127
77 83
77 15
77 64
77 60
77 40
77 52
77 59
77 87
77 89
77 12
77 58
77 73
77 7
77 34
77 7
77 43
77 36
77 111
77 84
77 59
77 29
77 33
77 23
77 27
77 89
77 124
77 21
77 107
77 23
77 20
77 12
77 94
77 54
77 98
77 31
77 98
77 18
77 126
77 45
77 57
77 42
77 73
77 63
77 66
77 62
77 60
77 46
77 109
77 121
77 32
77 19
77 21
77 23
78 64
78 13
78 71
78 125
78 60
78 102
78 59
78 24
78 67
78 9
78 63
78 90
78 67
78 108
78 24
78 41
78 36
78 105
78 87
78 40
78 116
78 79
78 40
78 111
78 32
78 64
78 90
78 20
78 47
78 97
78 9
78 81
78 82
78 63
78 120
78 85
78 106
78 18
78 93
78 73
78 20
78 79
78 103
78 52
78 10
78 51
78 115
78 45
78 31
78 10
78 7
78 46
78 29
78 92
78 2
78 85
78 117
78 121
78 4
78 48
79 42
79 78
79 81
79 65
79 13
79 58
79 68
79 99
79 89
79 86
79 4
79 37
79 80
79 78
79 80
79 13
79 28
79 58
79 98
79 61
79 1
79 64
79 62
79 9
79 118
79 30
79 82
79 35
79 52
79 50
79 91
79 17
79 105
79 78
79 95
79 90
79 49
79 125
79 92
79 37
79 42
79 49
79 72
79 88
79 19
79 11
79 78
79 88
79 88
79 17
79 55
79 34
79 96
79 90
79 39
79 101
79 30
79 10
79 90
79 111
79 34
79 97
80 16
80 30
80 53
80 8
80 79
80 101
80 28
80 105
80 121
80 102
80 42
80 57
80 115
80 57
80 32
80 98
80 13
80 32
80 48
80 13
80 5
80 51
80 2
80 115
80 99
80 91
80 71
80 36
80 110
80 19
80 113
80 78
80 66
80 32
80 9
80 39
80 52
80 43
80 20
80 28
80 106
80 3
80 126
80 37
80 69
80 113
80 65
80 122
80 119
80 72
80 120
80 55
80 125
80 63
80 58
80 83
80 63
80 31
81 91
81 41
81 30
81 47
81 65
81 24
81 53
81 106
81 70
81 104
81 33
81 65
81 75
81 109
81 87
81 79
81 13
81 67
81 45
81 52
81 66
81 63
81 76
81 74
81 101
81 127
81 79
81 11
81 84
81 31
81 48
81 4
81 104
81 121
81 46
81 38
81 83
81 108
81 66
81 20
81 113
81 123
81 125
81 63
81 55
81 82
81 116
81 56
81 123
81 98
81 15
81 109
81 61
81 75
81 12
81 81
81 48
81 14
81 101
81 60
82 33
82 58
82 111
82 69
82 99
82 87
82 75
82 87
82 65
82 102
82 55
82 10
82 18
82 124
82 2
82 37
82 38
82 109
82 122
82 94
82 48
82 48
82 25
82 100
82 108
82 19
82 78
82 79
82 98
82 122
82 111
82 121
82 107
82 88
82 77
82 9
82 30
82 90
82 49
82 20
82 71
82 83
82 68
82 75
82 119
82 109
82 107
82 16
82 3
82 4
82 57
82 22
82 30
82 75
82 24
82 50
82 34
82 126
82 115
82 66
82 56
83 89
83 95
83 102
83 83
83 28
83 93
83 19
83 102
83 52
83 28
83 109
83 59
83 87
83 70
83 11
83 58
83 104
83 14
83 85
83 46
83 14
83 71
83 111
83 75
83 17
83 64
83 9
83 1
83 55
83 70
83 101
83 27
83 13
83 100
83 106
83 69
83 81
83 50
83 39
83 106
83 54
83 52
83 53
83 102
83 4
83 84
83 98
83 105
83 43
83 126
83 40
83 91
83 36
83 90
83 104
83 63
83 2
83 68
83 69
83 80
83 105
83 7
83 52
83 126
84 5
84 24
84 16
84 98
84 10
84 68
84 15
84 98
84 67
84 5
84 99
84 123
84 91
84 11
84 48
84 58
84 16
84 11
84 41
84 117
84 118
84 38
84 100
84 111
84 114
84 7
84 108
84 63
84 53
84 43
84 106
84 97
84 89
84 96
84 99
84 55
84 21
84 110
84 25
84 45
84 27
84 17
84 87
84 77
84 9
84 121
84 42
84 25
84 39
84 41
84 115
84 79
84 44
84 51
84 41
84 97
84 50
84 127
85 107
85 8
85 70
85 2
85 1
85 98
85 14
85 112
85 64
85 118
85 84
85 108
85 78
85 123
85 33
85 92
85 50
85 54
85 98
85 79
85 73
85 38
85 33
85 74
85 97
85 75
85 20
85 1
85 45
85 59
85 64
85 125
85 43
85 32
85 116
85 40
85 110
85 116
85 63
85 103
85 106
85 70
85 126
85 75
85 34
85 79
85 4
85 119
85 96
85 36
85 35
85 63
85 119
85 70
85 45
85 25
85 17
85 57
85 52
85 58
85 100
85 126
85 96
86 38
86 99
86 68
86 16
86 11
86 80
86 85
86 95
86 13
86 120
86 95
86 74
86 81
86 92
86 13
86 32
86 66
86 69
86 92
86 64
86 111
86 5
86 49
86 95
86 89
86 83
86 51
86 119
86 120
86 59
86 26
86 19
86 54
86 114
86 49
86 16
86 116
86 83
86 88
86 127
86 4
86 72
86 53
86 79
86 68
86 93
86 62
86 87
86 30
86 27
86 105
86 16
86 39
86 63
87 16
87 5
87 127
87 78
87 107
87 44
87 110
87 7
87 67
87 31
87 33
87 78
87 40
87 67
87 36
87 114
87 11
87 47
87 106
87 5
87 14
87 91
87 58
87 115
87 74
87 89
87 125
87 33
87 19
87 119
87 6
87 10
87 81
87 76
87 26
87 82
87 26
87 107
87 61
87 65
87 19
87 86
87 72
87 12
87 17
87 87
87 109
87 101
87 1
87 5
87 51
87 1
87 56
87 98
87 93
87 36
87 38
87 14
87 81
87 77
88 53
88 71
88 101
88 24
88 121
88 4
88 91
88 54
88 36
88 106
88 61
88 10
88 10
88 105
88 86
88 99
88 95
88 2
88 35
88 94
88 15
88 29
88 103
88 47
88 61
88 110
88 75
88 104
88 9
88 4
88 64
88 76
88 47
88 116
88 39
88 58
88 83
88 90
88 80
88 102
88 17
88 50
88 28
88 17
88 61
88 52
88 79
88 5
88 31
88 87
88 11
88 24
88 101
88 41
88 10
88 29
88 92
88 65
88 83
88 27
88 17
88 1
89 123
89 88
89 78
89 40
89 29
89 100
89 75
89 7
89 124
89 44
89 12
89 125
89 48
89 17
89 103
89 69
89 113
89 88
89 4
89 27
89 126
89 47
89 17
89 92
89 81
89 18
89 25
89 66
89 8
89 30
89 67
89 76
89 73
89 55
89 95
89 38
89 118
89 81
89 74
89 49
89 14
89 22
89 70
89 122
89 30
89 93
89 6
89 6
89 29
89 122
89 25
89 52
89 74
89 53
89 1
89 62
89 65
89 127
89 42
89 46
90 42
90 78
90 48
90 95
90 86
90 20
90 52
90 13
90 71
90 124
90 16
90 62
90 69
90 60
90 52
90 125
90 32
90 44
90 35
90 118
90 38
90 110
90 108
90 82
90 16
90 54
90 68
90 36
90 35
90 101
90 89
90 84
90 83
90 59
90 41
90 44
90 43
90 85
90 33
90 87
90 111
90 106
90 92
90 108
90 38
90 123
90 61
90 104
90 16
90 85
90 75
90 6
90 54
90 123
90 49
90 92
90 88
90 115
91 48
91 31
91 32
91 100
91 91
91 101
91 79
91 57
91 83
91 119
91 11
91 38
91 14
91 17
91 123
91 68
91 77
91 1
91 56
91 36
91 106
91 104
91 54
91 1
91 27
91 1
91 90
91 120
91 103
91 91
91 26
91 108
91 55
91 71
91 35
91 13
91 64
91 112
91 63
91 35
91 78
91 125
91 88
91 41
91 56
91 14
91 21
91 117
91 21
91 91
91 46
91 54
91 17
91 52
91 8
91 41
91 21
91 18
91 75
91 20
92 54
92 57
92 109
92 92
92 54
92 4
92 4
92 103
92 15
92 48
92 24
92 123
92 5
92 92
92 91
92 26
92 94
92 50
92 46
92 31
92 35
92 77
92 77
92 87
92 44
92 102
92 112
92 80
92 86
92 50
92 65
92 13
92 111
92 103
92 94
92 59
92 79
92 29
92 21
92 31
92 17
92 91
92 3
92 35
92 73
92 97
92 4
92 27
92 63
92 91
92 54
92 121
92 41
92 37
92 95
92 122
92 35
92 66
92 107
92 80
92 97
92 65
93 115
93 87
93 96
93 108
93 110
93 46
93 123
93 74
93 127
93 42
93 2
93 88
93 112
93 120
93 13
93 97
93 102
93 6
93 20
93 65
93 114
93 117
93 102
93 64
93 3
93 105
93 77
93 87
93 63
93 96
93 7
93 19
93 64
93 44
93 101
93 62
93 121
93 4
93 64
93 3
93 89
93 106
93 22
93 70
93 52
93 122
93 30
93 107
93 42
93 52
93 58
93 35
93 29
93 113
93 56
93 107
93 71
93 93
94 9
94 14
94 113
94 92
94 30
94 42
94 46
94 127
94 14
94 46
94 13
94 29
94 106
94 35
94 42
94 123
94 88
94 121
94 2
94 84
94 119
94 67
94 11
94 47
94 42
94 125
94 65
94 98
94 9
94 8
94 117
94 28
94 91
94 25
94 72
94 125
94 110
94 55
94 89
94 55
94 109
94 83
94 33
94 104
94 16
94 86
94 117
94 112
94 106
94 57
94 79
94 123
94 115
94 66
94 70
94 71
94 65
94 28
94 74
94 20
94 104
94 83
95 38
95 41
95 80
95 23
95 43
95 100
95 44
95 86
95 127
95 116
95 64
95 30
95 17
95 44
95 107
95 122
95 96
95 41
95 14
95 75
95 30
95 101
95 111
95 1
95 54
95 30
95 111
95 43
95 104
95 93
95 20
95 49
95 108
95 112
95 31
95 111
95 37
95 37
95 77
95 4
95 126
95 67
95 108
95 40
95 65
95 106
95 82
95 51
95 39
95 117
95 61
95 46
95 117
95 55
95 124
95 96
95 60
95 127
96 83
96 40
96 6
96 102
96 64
96 40
96 17
96 74
96 3
96 94
96 112
96 125
96 32
96 19
96 11
96 55
96 4
96 3
96 86
96 80
96 2
96 59
96 63
96 54
96 111
96 94
96 112
96 10
96 126
96 12
96 27
96 110
96 93
96 114
96 19
96 126
96 15
96 26
96 73
96 28
96 94
96 75
96 71
96 53
96 60
96 122
96 33
96 46
96 33
96 6
96 52
96 50
96 31
96 44
96 125
96 37
96 64
96 38
96 102
96 103
96 40
96 112
96 43
97 124
97 125
97 58
97 15
97 114
97 17
97 122
97 89
97 85
97 92
97 111
97 22
97 38
97 63
97 75
97 39
97 51
97 106
97 22
97 82
97 119
97 18
97 44
97 83
97 5
97 104
97 53
97 48
97 21
97 116
97 9
97 19
97 70
97 58
97 117
97 31
97 72
97 64
97 16
97 42
97 70
97 28
97 80
97 46
97 123
97 101
97 68
97 41
97 1
97 53
97 90
97 120
97 22
97 93
97 118
97 125
97 21
97 66
98 60
98 61
98 94
98 126
98 111
98 46
98 54
98 42
98 79
98 10
98 33
98 123
98 37
98 86
98 71
98 96
98 121
98 41
98 127
98 100
98 71
98 104
98 71
98 110
98 123
98 94
98 112
98 72
98 20
98 107
98 21
98 52
98 112
98 46
98 32
98 56
98 1
98 51
98 47
98 71
98 18
98 72
98 102
98 58
98 63
98 96
98 87
98 94
98 33
98 55
98 73
98 38
98 4
98 48
98 13
98 61
98 20
98 17
98 10
98 113
99 39
99 105
99 89
99 37
99 88
99 121
99 1
99 66
99 108
99 119
99 57
99 5
99 42
99 82
99 15
99 115
99 119
99 102
99 37
99 27
99 92
99 65
99 1
99 45
99 126
99 58
99 88
99 101
99 106
99 97
99 102
99 59
99 18
99 52
99 98
99 114
99 108
99 91
99 90
99 90
99 63
99 18
99 116
99 75
99 30
99 33
99 30
99 101
99 49
99 24
99 121
99 102
99 107
99 58
99 20
99 108
99 98
99 4
99 116
99 101
100 106
100 89
100 27
100 59
100 44
100 121
100 107
100 32
100 28
100 106
100 67
100 122
100 98
100 28
100 4
100 90
100 52
100 38
100 78
100 43
100 127
100 107
100 69
100 43
100 51
100 84
100 74
100 115
100 105
100 125
100 76
100 107
100 79
100 52
100 12
100 99
100 80
100 14
100 36
100 60
100 29
100 56
100 16
100 8
100 127
100 68
100 23
100 79
100 73
100 50
100 61
100 11
100 35
100 79
100 77
100 57
100 37
100 92
100 32
100 31
100 34
101 43
101 122
101 42
101 40
101 116
101 110
101 6
101 105
101 40
101 25
101 123
101 84
101 53
101 22
101 127
101 93
101 35
101 97
101 49
101 7
101 63
101 70
101 3
101 43
101 20
101 4
101 124
101 71
101 95
101 54
101 29
101 60
101 13
101 74
101 19
101 29
101 41
101 16
101 29
101 106
101 105
101 82
101 65
101 7
101 61
101 54
101 77
101 31
101 52
101 32
101 105
101 54
101 105
101 122
101 122
101 65
101 39
101 98
101 49
102 83
102 12
102 15
102 45
102 95
102 53
102 77
102 57
102 99
102 97
102 35
102 82
102 83
102 21
102 25
102 92
102 93
102 110
102 86
102 111
102 113
102 57
102 14
102 65
102 120
102 13
102 13
102 100
102 18
102 103
102 55
102 57
102 64
102 18
102 6
102 78
102 127
102 102
102 47
102 106
102 114
102 20
102 46
102 100
102 11
102 14
102 56
102 102
102 77
102 69
102 47
102 39
102 16
102 71
102 65
102 116
102 9
102 100
102 26
103 103
103 20
103 73
103 95
103 65
103 7
103 73
103 33
103 120
103 75
103 6
103 62
103 16
103 50
103 115
103 50
103 55
103 34
103 76
103 98
103 74
103 68
103 16
103 62
103 44
103 20
103 51
103 111
103 107
103 42
103 11
103 47
103 123
103 74
103 125
103 96
103 96
103 127
103 126
103 32
103 45
103 123
103 80
103 1
103 28
103 61
103 42
103 80
103 76
103 25
103 33
103 85
103 111
103 111
103 15
103 80
103 102
103 61
103 77
103 9
103 81
103 24
104 68
104 57
104 39
104 49
104 121
104 101
104 47
104 74
104 16
104 85
104 113
104 127
104 88
104 82
104 40
104 72
104 62
104 4
104 21
104 127
104 51
104 66
104 39
104 49
104 92
104 86
104 40
104 70
104 107
104 61
104 11
104 61
104 90
104 91
104 84
104 40
104 63
104 66
104 51
104 49
104 7
104 6
104 66
104 95
104 90
104 50
104 84
104 125
104 84
104 63
104 53
104 78
104 95
104 97
104 87
104 82
104 110
104 94
105 59
105 47
105 86
105 123
105 3
105 119
105 115
105 14
105 72
105 28
105 69
105 52
105 109
105 4
105 4
105 106
105 77
105 69
105 16
105 88
105 76
105 21
105 46
105 100
105 44
105 68
105 35
105 59
105 96
105 25
105 77
105 61
105 39
105 117
105 8
105 23
105 31
105 91
105 103
105 17
105 119
105 22
105 117
105 51
105 124
105 67
105 89
105 43
105 15
105 110
105 116
105 25
105 60
105 118
105 9
105 76
105 52
105 59
105 110
105 65
105 39
105 36
105 58
105 26
105 21
106 126
106 26
106 80
106 123
106 106
106 100
106 17
106 25
106 68
106 40
106 101
106 49
106 84
106 14
106 103
106 71
106 6
106 23
106 114
106 68
106 41
106 73
106 121
106 9
106 39
106 43
106 104
106 20
106 97
106 38
106 14
106 60
106 98
106 83
106 14
106 68
106 34
106 10
106 13
106 59
106 110
106 110
106 89
106 67
106 117
106 16
106 14
106 78
106 99
106 99
106 34
106 89
106 22
106 63
106 96
107 41
107 2
107 20
107 33
107 101
107 70
107 21
107 126
107 45
107 124
107 72
107 112
107 96
107 87
107 5
107 114
107 106
107 86
107 111
107 113
107 15
107 61
107 62
107 4
107 83
107 36
107 84
107 79
107 41
107 64
107 18
107 115
107 112
107 40
107 124
107 81
107 77
107 24
107 53
107 62
107 55
107 68
107 87
107 43
107 45
107 82
107 41
107 39
107 38
107 89
107 84
107 77
107 8
107 23
107 19
107 104
107 88
107 68
107 57
107 39
107 24
107 17
108 108
108 90
108 99
108 94
108 115
108 75
108 47
108 35
108 7
108 21
108 15
108 87
108 38
108 27
108 76
108 100
108 47
108 103
108 3
108 108
108 46
108 78
108 73
108 26
108 100
108 84
108 5
108 98
108 98
108 6
108 24
108 58
108 7
108 70
108 30
108 5
108 120
108 115
108 67
108 2
108 59
108 115
108 16
108 120
108 126
108 90
108 116
108 25
108 89
108 60
108 10
108 34
108 98
108 24
108 62
108 26
108 61
108 89
108 116
108 81
108 113
109 65
109 97
109 106
109 86
109 73
109 4
109 18
109 111
109 19
109 5
109 58
109 113
109 83
109 63
109 95
109 47
109 70
109 45
109 115
109 38
109 25
109 37
109 112
109 29
109 86
109 3
109 22
109 72
109 109
109 56
109 83
109 83
109 87
109 69
109 61
109 93
109 64
109 118
109 80
109 54
109 87
109 84
109 30
109 87
109 47
109 111
109 12
109 95
109 88
109 49
109 28
109 87
109 6
109 123
109 3
109 67
109 86
109 113
109 80
110 2
110 63
110 30
110 66
110 17
110 32
110 99
110 76
110 38
110 82
110 97
110 100
110 1
110 12
110 3
110 82
110 63
110 47
110 102
110 16
110 56
110 98
110 57
110 65
110 16
110 98
110 79
110 42
110 33
110 65
110 126
110 98
110 17
110 108
110 91
110 19
110 64
110 52
110 10
110 44
110 97
110 34
110 55
110 26
110 4
110 59
110 1
110 4
110 41
110 28
110 62
110 81
110 72
110 64
110 96
110 8
110 70
110 80
111 71
111 82
111 13
111 100
111 48
111 122
111 126
111 90
111 59
111 41
111 59
111 72
111 23
111 3
111 85
111 69
111 61
111 23
111 86
111 10
111 41
111 45
111 78
111 51
111 91
111 90
111 46
111 85
111 119
111 113
111 110
111 58
111 67
111 67
111 87
111 111
111 57
111 97
111 15
111 90
111 115
111 37
111 107
111 46
111 127
111 39
111 108
111 43
111 36
111 118
111 113
111 124
111 80
111 117
111 13
111 95
111 9
111 80
111 106
111 107
112 91
112 116
112 94
112 103
112 43
112 91
112 46
112 104
112 48
112 50
112 7
112 101
112 16
112 7
112 101
112 33
112 104
112 60
112 11
112 78
112 69
112 41
112 90
112 15
112 112
112 43
112 99
112 107
112 68
112 78
112 95
112 39
112 88
112 94
112 107
112 5
112 74
112 112
112 67
112 53
112 92
112 38
112 56
112 34
112 16
112 118
112 120
112 11
112 60
112 125
112 18
112 81
112 41
112 54
112 30
112 123
112 119
112 96
112 75
112 40
113 34
113 120
113 23
113 59
113 117
113 77
113 77
113 81
113 115
113 113
113 24
113 76
113 42
113 78
113 107
113 61
113 39
113 85
113 60
113 111
113 67
113 84
113 71
113 85
113 13
113 28
113 18
113 54
113 108
113 15
113 118
113 62
113 84
113 42
113 103
113 79
113 11
113 1
113 99
113 5
113 104
113 81
113 88
113 18
113 47
113 56
113 94
113 40
113 16
113 106
113 51
113 61
113 75
113 38
113 85
113 20
113 103
113 8
113 44
113 86
113 123
114 118
114 6
114 110
114 107
114 110
114 50
114 101
114 4
114 76
114 113
114 71
114 119
114 68
114 122
114 73
114 9
114 16
114 77
114 54
114 34
114 31
114 48
114 61
114 79
114 74
114 52
114 112
114 47
114 87
114 110
114 12
114 102
114 86
114 102
114 92
114 53
114 18
114 124
114 111
114 99
114 120
114 7
114 63
114 122
114 112
114 22
114 121
114 43
114 72
114 124
114 123
114 33
114 50
114 13
114 99
114 63
114 61
114 125
114 46
115 37
115 99
115 122
115 111
115 65
115 22
115 33
115 120
115 101
115 2
115 60
115 72
115 27
115 28
115 66
115 109
115 80
115 91
115 31
115 43
115 114
115 102
115 13
115 21
115 110
115 56
115 106
115 122
115 116
115 99
115 109
115 97
115 103
115 40
115 121
115 97
115 23
115 36
115 64
115 21
115 46
115 78
115 23
115 112
115 120
115 78
115 105
115 114
115 32
115 32
115 67
115 120
115 86
115 98
115 20
115 29
115 124
115 44
115 79
115 119
115 112
116 94
116 121
116 34
116 124
116 106
116 21
116 126
116 47
116 1
116 20
116 124
116 12
116 41
116 91
116 19
116 113
116 64
116 69
116 99
116 60
116 1
116 109
116 56
116 123
116 116
116 42
116 15
116 52
116 97
116 121
116 46
116 78
116 116
116 35
116 28
116 109
116 108
116 44
116 64
116 49
116 54
116 40
116 82
116 41
116 34
116 28
116 107
116 46
116 61
116 53
116 106
116 116
116 19
116 111
116 71
116 44
116 109
116 117
116 87
116 112
117 117
117 24
117 109
117 90
117 73
117 33
117 119
117 90
117 1
117 58
117 100
117 91
117 25
117 56
117 73
117 37
117 113
117 13
117 3
117 63
117 60
117 31
117 51
117 100
117 95
117 106
117 25
117 64
117 45
117 56
117 89
117 15
117 94
117 127
117 102
117 20
117 117
117 32
117 97
117 70
117 82
117 9
117 102
117 8
117 21
117 50
117 44
117 124
117 29
117 33
117 69
117 77
117 120
117 11
117 32
117 67
117 85
117 96
117 52
117 122
118 104
118 28
118 45
118 76
118 7
118 13
118 11
118 84
118 33
118 32
118 90
118 15
118 14
118 35
118 79
118 3
118 90
118 6
118 114
118 55
118 77
118 75
118 71
118 34
118 27
118 16
118 105
118 39
118 55
118 5
118 115
118 94
118 15
118 27
118 52
118 106
118 20
118 81
118 110
118 98
118 60
118 31
118 110
118 63
118 9
118 11
118 46
118 22
118 34
118 79
118 123
118 67
118 72
118 109
118 109
118 17
118 65
118 52
118 109
118 28
119 87
119 104
119 5
119 114
119 4
119 102
119 62
119 10
119 70
119 40
119 61
119 65
119 93
119 123
119 85
119 17
119 115
119 9
119 103
119 98
119 127
119 123
119 25
119 77
119 46
119 29
119 66
119 31
119 5
119 52
119 116
119 107
119 120
119 91
119 50
119 36
119 76
119 32
119 32
119 36
119 101
119 22
119 79
119 83
119 48
119 111
119 72
119 50
119 58
119 32
119 33
119 90
119 54
119 37
119 110
119 114
119 119
119 53
119 46
120 10
120 45
120 99
120 102
120 69
120 124
120 82
120 100
120 101
120 113
120 36
120 29
120 108
120 98
120 97
120 91
120 28
120 52
120 98
120 99
120 99
120 124
120 58
120 12
120 105
120 121
120 89
120 102
120 100
120 66
120 9
120 104
120 69
120 4
120 70
120 121
120 108
120 74
120 94
120 114
120 79
120 112
120 36
120 60
120 26
120 44
120 125
120 62
120 126
120 18
120 104
120 25
120 96
120 116
120 94
120 71
120 97
120 14
120 55
120 121
120 113
121 30
121 6
121 6
121 53
121 54
121 36
121 66
121 76
121 94
121 35
121 30
121 29
121 15
121 50
121 114
121 33
121 62
121 59
121 9
121 14
121 53
121 23
121 115
121 112
121 32
121 91
121 26
121 53
121 80
121 99
121 112
121 89
121 40
121 39
121 99
121 32
121 77
121 36
121 18
121 80
121 86
121 9
121 48
121 33
121 81
121 65
121 51
121 69
121 28
121 82
121 89
121 80
121 5
121 53
121 64
121 62
121 72
121 87
121 64
122 27
122 92
122 119
122 113
122 113
122 23
122 125
122 110
122 64
122 2
122 104
122 112
122 41
122 39
122 67
122 37
122 30
122 19
122 42
122 13
122 106
122 75
122 92
122 64
122 71
122 80
122 54
122 29
122 121
122 108
122 51
122 39
122 12
122 69
122 112
122 70
122 10
122 86
122 34
122 106
122 33
122 66
122 114
122 38
122 63
122 8
122 117
122 26
122 99
122 53
122 37
122 112
122 101
122 120
122 59
122 68
122 101
122 8
122 55
122 126
122 35
123 118
123 119
123 39
123 3
123 96
123 121
123 110
123 119
123 70
123 96
123 99
123 115
123 11
123 104
123 16
123 63
123 68
123 33
123 106
123 115
123 116
123 43
123 49
123 54
123 30
123 1
123 85
123 95
123 127
123 57
123 17
123 116
123 3
123 107
123 16
123 83
123 99
123 24
123 55
123 125
123 79
123 2
123 118
123 116
123 115
123 107
123 95
123 12
123 99
123 100
123 25
123 124
123 29
123 65
123 10
123 100
123 18
123 77
123 87
123 67
124 45
124 117
124 2
124 33
124 26
124 30
124 15
124 90
124 63
124 120
124 44
124 119
124 97
124 117
124 77
124 119
124 73
124 74
124 112
124 82
124 102
124 64
124 5
124 10
124 114
124 25
124 98
124 76
124 82
124 2
124 53
124 30
124 44
124 76
124 60
124 13
124 8
124 81
124 95
124 73
124 81
124 5
124 39
124 119
124 60
124 115
124 90
124 72
124 11
124 50
124 68
124 24
124 126
124 25
124 35
124 64
124 121
124 66
124 84
125 104
125 40
125 44
125 58
125 29
125 24
125 44
125 18
125 15
125 17
125 38
125 72
125 58
125 74
125 23
125 13
125 73
125 7
125 15
125 86
125 100
125 44
125 52
125 30
125 24
125 120
125 64
125 24
125 11
125 82
125 91
125 101
125 20
125 102
125 89
125 2
125 110
125 36
125 64
125 94
125 43
125 6
125 62
125 68
125 54
125 69
125 49
125 101
125 76
125 18
125 28
125 54
125 33
125 78
125 22
125 42
125 6
125 78
125 46
125 109
125 22
126 44
126 22
126 50
126 102
126 41
126 14
126 43
126 121
126 30
126 90
126 87
126 65
126 49
126 85
126 66
126 102
126 94
126 48
126 116
126 122
126 63
126 61
126 87
126 45
126 94
126 42
126 61
126 4
126 65
126 86
126 15
126 84
126 108
126 58
126 116
126 51
126 103
126 94
126 60
126 22
126 127
126 5
126 100
126 114
126 90
126 2
126 75
126 25
126 22
126 13
126 62
126 90
126 90
126 113
126 25
126 103
126 27
126 69
126 28
127 123
127 80
127 31
127 70
127 125
127 89
127 7
127 21
127 76
127 127
127 55
127 74
127 117
127 124
127 127
127 93
127 79
127 52
127 19
127 49
127 78
127 38
127 8
127 8
127 118
127 50
127 48
127 121
127 64
127 25
127 27
127 77
127 86
127 115
127 112