4 84
4 76
5 43
5 41
5 89
5 111
5 54
5 27
5 59
5 63
5 34
5 67
5 84
5 16
5 49
5 105
5 123
5 94
5 52
5 117
5 8
5 125
5 62
5 38
5 75
5 27
5 51
5 77
5 66
5 38
5 87
5 96
5 26
5 78
5 102
5 92
5 99
5 69
5 80
5 43
5 95
5 83
5 16
5 38
5 68
5 93
5 44
5 87
5 81
5 47
5 72
5 22
5 71
5 84
5 119
5 86
5 62
5 65
5 29
5 74
5 124
5 9
5 54
5 9
6 37
6 19
6 93
6 32
6 126
6 24
6 59
6 103
6 123
6 45
6 13
6 91
6 36
6 63
6 99
6 108
6 115
6 107
6 127
6 104
6 102
6 74
6 110
6 59
6 109
6 107
6 99
6 72
6 25
6 112
6 112
6 44
6 65
6 11
6 12
6 94
6 105
6 60
6 123
6 24
6 62
6 9
6 2
6 33
6 113
6 121
6 9
6 23
6 104
6 32
6 88
6 80
6 32
6 126
6 28
6 21
6 117
6 8
7 64
7 77
7 124
7 42
7 54
7 53
7 39
7 110
7 37
7 125
7 21
7 17
7 50
7 27
7 83
7 120
7 36
7 58
7 40
7 69
7 2
7 99
7 111
7 88
7 31
7 110
7 91
7 7
7 84
7 95
7 104
7 16
7 21
7 108
7 84
7 78
7 2
7 3
7 74
7 40
7 56
7 62
7 77
7 16
7 4
7 35
7 94
7 124
7 50
7 89
7 61
7 49
7 82
7 102
7 43
7 43
7 19
7 76
7 10
7 53
8 112
8 59
8 45
8 53
8 112
8 119
8 66
8 100
8 18
8 37
8 28
8 41
8 13
8 50
8 103
8 7
8 86
8 53
8 115
8 5
8 38
8 89
8 78
8 60
8 100
8 2
8 66
8 29
8 96
8 91
8 69
8 74
8 82
8 118
8 96
8 46
8 41
8 29
8 14
8 76
8 118
8 99
8 108
8 101
8 55
8 85
8 11
8 107
8 2
8 89
8 15
8 105
8 100
8 86
8 23
8 126
8 10
8 71
8 95
8 79
8 79
8 3
8 26
8 47
9 33
9 125
9 72
9 64
9 51
9 88
9 2
9 75
9 85
9 89
9 79
9 68
9 60
9 127
9 95
9 18
9 28
9 43
9 24
9 91
9 110
9 61
9 100
9 52
9 52
9 120
9 83
9 96
9 5
9 121
9 73
9 68
9 30
9 12
9 101
9 26
9 61
9 22
9 74
9 90
9 109
9 117
9 119
9 12
9 79
9 12
9 44
9 33
9 116
9 3
9 72
9 99
9 124
9 72
9 20
9 12
9 119
10 34
10 78
10 109
10 52
10 30
10 60
10 84
10 1
10 127
10 50
10 43
10 59
10 11
10 16
10 52
10 94
10 32
10 127
10 5
10 28
10 105
10 90
10 93
10 65
10 76
10 118
10 6
10 118
10 33
10 76
10 92
10 56
10 23
10 119
10 112
10 59
10 98
10 103
10 66
10 20
10 72
10 59
10 109
10 70
10 62
10 82
10 127
10 125
10 61
10 56
10 50
10 77
10 87
10 59
10 69
10 84
10 28
10 62
10 97
11 76
11 112
11 42
11 90
11 24
11 87
11 111
11 60
11 117
11 103
11 122
11 25
11 31
11 127
11 47
11 66
11 70
11 30
11 118
11 116
11 110
11 103
11 92
11 115
11 2
11 93
11 83
11 92
11 95
11 59
11 60
11 90
11 83
11 2
11 108
11 48
11 59
11 11
11 64
11 71
11 45
11 65
11 58
11 8
11 14
11 33
11 22
11 91
11 124
11 18
11 90
11 97
11 82
11 65
11 87
11 100
11 33
11 41
11 16
11 118
11 43
11 97
11 12
11 92
11 27
12 102
12 8
12 105
12 55
12 32
12 88
12 124
12 53
12 20
12 112
12 14
12 116
12 7
12 54
12 103
12 14
12 64
12 105
12 119
12 102
12 113
12 21
12 52
12 94
12 89
12 55
12 41
12 127
12 65
12 123
12 111
12 19
12 108
12 122
12 87
12 29
12 11
12 126
12 26
12 94
12 19
12 108
12 81
12 2
12 22
12 19
12 60
12 15
12 34
12 108
12 83
12 94
12 23
12 8
12 102
13 125
13 87
13 79
13 53
13 24
13 20
13 58
13 58
13 27
13 38
13 101
13 66
13 48
13 50
13 53
13 22
13 55
13 94
13 116
13 30
13 51
13 14
13 99
13 57
13 20
13 43
13 123
13 70
13 31
13 26
13 30
13 91
13 106
13 41
13 100
13 76
13 106
13 62
13 73
13 73
13 49
13 22
13 78
13 116
13 108
13 104
13 43
13 57
13 121
13 77
13 62
13 45
13 32
13 101
13 44
13 127
13 34
13 126
13 114
13 126
14 32
14 44
14 40
14 60
14 58
14 97
14 34
14 127
14 52
14 101
14 105
14 50
14 82
14 53
14 20
14 54
14 21
14 102
14 17
14 97
14 108
14 75
14 19
14 55
14 23
14 37
14 76
14 30
14 69
14 46
14 49
14 7
14 38
14 52
14 5
14 70
14 100
14 113
14 20
14 23
14 47
14 29
14 6
14 119
14 99
14 117
14 95
14 124
14 29
14 65
14 50
14 99
14 8
14 97
14 55
14 34
14 10
14 42
14 53
14 82
15 116
15 18
15 37
15 127
15 40
15 12
15 7
15 113
15 43
15 25
15 32
15 38
15 9
15 28
15 109
15 52
15 105
15 58
15 81
15 102
15 64
15 65
15 46
15 22
15 41
15 49
15 121
15 72
15 34
15 67
15 14
15 85
15 83
15 16
15 29
15 76
15 60
15 47
15 88
15 30
15 23
15 13
15 51
15 42
15 64
15 86
15 122
15 72
15 100
15 44
15 4
15 3
15 64
15 107
15 108
15 21
15 84
15 4
15 98
15 58
16 7
16 48
16 114
16 100
16 87
16 39
16 76
16 67
16 39
16 115
16 51
16 116
16 34
16 11
16 87
16 42
16 74
16 96
16 36
16 102
16 86
16 64
16 123
16 107
16 49
16 117
16 95
16 44
16 99
16 75
16 28
16 121
16 22
16 109
16 10
16 41
16 30
16 118
16 95
16 48
16 87
16 82
16 50
16 30
16 107
16 6
16 115
16 62
16 30
16 4
16 81
16 85
16 36
16 43
16 1
16 9
16 4
16 52
16 17
16 22
17 57
17 27
17 10
17 103
17 78
17 78
17 72
17 37
17 11
17 55
17 95
17 47
17 19
17 117
17 4
17 33
17 43
17 46
17 5
17 11
17 58
17 120
17 110
17 79
17 73
17 45
17 50
17 7
17 38
17 40
17 82
17 95
17 39
17 15
17 112
17 74
17 97
17 12
17 70
17 34
17 79
17 67
17 85
17 61
17 35
17 111
17 55
17 115
17 59
17 16
17 21
17 117
17 42
17 95
17 67
17 26
17 24
17 55
17 72
17 111
17 120
17 112
18 97
18 9
18 12
18 49
18 33
18 74
18 21
18 75
18 29
18 97
18 5
18 36
18 53
18 108
18 84
18 125
18 127
18 5
18 118
18 18
18 106
18 14
18 115
18 6
18 66
18 35
18 124
18 96
18 80
18 52
18 44
18 11
18 22
18 42
18 12
18 87
18 103
18 72
18 56
18 34
18 78
18 110
18 19
18 93
18 92
18 66
18 111
18 97
18 120
18 19
18 70
18 125
18 116
18 97
18 18
18 93
18 68
18 48
18 89
18 108
19 85
19 17
19 20
19 121
19 121
19 105
19 99
19 41
19 123
19 5
19 50
19 107
19 57
19 83
19 9
19 86
19 111
19 112
19 115
19 58
19 73
19 29
19 41
19 108
19 10
19 93
19 113
19 53
19 23
19 120
19 5
19 79
19 83
19 104
19 38
19 16
19 1
19 126
19 125
19 83
19 2
19 84
19 68
19 79
19 52
19 104
19 3
19 25
19 126
19 85
19 95
19 123
19 80
19 54
19 13
19 86
19 127
19 29
19 9
19 85
20 95
20 42
20 54
20 111
20 70
20 60
20 32
20 119
20 97
20 66
20 76
20 97
20 111
20 79
20 80
20 24
20 90
20 1
20 51
20 30
20 113
20 65
20 35
20 22
20 117
20 100
20 6
20 92
20 119
20 5
20 1
20 25
20 49
20 40
20 57
20 80
20 24
20 12
20 5
20 31
20 70
20 48
20 108
20 85
20 45
20 25
20 90
20 105
20 27
20 62
20 116
20 113
20 110
20 8
20 92
20 9
20 111
20 14
20 61
21 5
21 55
21 30
21 66
21 91
21 31
21 10
21 9
21 66
21 84
21 83
21 65
21 77
21 59
21 1
21 25
21 46
21 104
21 120
21 35
21 44
21 17
21 28
21 63
21 60
21 108
21 69
21 49
21 110
21 81
21 25
21 67
21 13
21 79
21 56
21 73
21 125
21 86
21 43
21 125
21 126
21 99
21 125
21 47
21 90
21 17
21 21
21 42
21 70
21 27
21 22
21 92
21 120
21 111
21 88
21 79
21 84
21 108
21 69
21 15
22 49
22 65
22 85
22 15
22 73
22 4
22 95
22 44
22 25
22 18
22 56
22 68
22 36
22 8
22 123
22 11
22 100
22 70
22 83
22 75
22 96
22 116
22 96
22 105
22 36
22 21
22 4
22 126
22 44
22 91
22 93
22 97
22 80
22 7
22 112
22 7
22 70
22 59
22 77
22 49
22 9
22 81
22 115
22 40
22 124
22 111
22 53
22 108
22 31
22 113
22 36
22 127
22 80
22 54
22 122
22 127
22 50
22 11
22 117
23 21
23 27
23 122
23 103
23 45
23 5
23 38
23 6
23 15
23 10
23 49
23 60
23 106
23 115
23 64
23 108
23 38
23 48
23 115
23 17
23 116
23 95
23 52
23 27
23 39
23 86
23 36
23 114
23 44
23 10
23 12
23 54
23 59
23 46
23 17
23 52
23 125
23 86
23 21
23 121
23 90
23 14
23 42
23 52
23 99
23 69
23 55
23 63
23 83
23 23
23 111
23 83
23 127
23 100
23 99
23 33
23 79
23 69
23 51
23 102
24 80
24 87
24 45
24 100
24 118
24 64
24 62
24 25
24 91
24 110
24 45
24 19
24 61
24 69
24 74
24 85
24 38
24 90
24 20
24 113
24 114
24 78
24 22
24 45
24 38
24 28
24 94
24 34
24 103
24 82
24 55
24 126
24 40
24 108
24 13
24 44
24 25
24 119
24 119
24 122
24 118
24 61
24 124
24 79
24 39
24 34
24 66
24 6
24 77
24 127
24 111
24 65
24 95
24 43
24 127
24 96
24 107
24 112
24 47
24 100
25 41
25 71
25 72
25 62
25 98
25 82
25 33
25 110
25 57
25 46
25 117
25 99
25 92
25 51
25 22
25 22
25 106
25 104
25 102
25 117
25 43
25 118
25 35
25 100
25 65
25 78
25 22
25 28
25 64
25 90
25 106
25 59
25 43
25 47
25 121
25 102
25 51
25 42
25 85