4 122
4 62
4 53
4 64
4 62
4 119
5 6
5 81
5 58
5 89
5 89
5 99
5 12
5 24
5 103
5 23
5 15
5 27
5 47
5 36
5 69
5 118
5 31
5 24
5 36
5 12
5 87
5 61
5 122
5 122
5 100
5 52
5 91
5 119
5 5
5 96
5 124
5 19
5 30
5 37
5 23
5 3
5 60
5 16
5 46
5 107
5 63
5 72
5 67
5 2
5 115
5 38
5 55
5 71
5 83
5 84
5 95
5 20
5 17
5 115
5 111
5 106
6 81
6 79
6 71
6 43
6 52
6 26
6 54
6 111
6 20
6 18
6 79
6 45
6 88
6 76
6 20
6 34
6 77
6 94
6 13
6 103
6 117
6 118
6 121
6 95
6 23
6 97
6 115
6 67
6 3
6 80
6 45
6 107
6 93
6 28
6 21
6 67
6 10
6 100
6 54
6 59
6 86
6 41
6 84
6 67
6 124
6 66
6 40
6 121
6 10
6 119
6 40
6 124
6 68
6 13
6 6
6 89
6 125
6 44
6 16
6 57
6 48
6 87
6 39
7 110
7 45
7 32
7 59
7 5
7 120
7 7
7 31
7 63
7 102
7 42
7 48
7 118
7 80
7 102
7 45
7 25
7 118
7 83
7 21
7 20
7 90
7 121
7 62
7 122
7 126
7 96
7 127
7 78
7 93
7 81
7 127
7 16
7 90
7 23
7 46
7 15
7 23
7 89
7 5
7 93
7 66
7 126
7 44
7 112
7 121
7 108
7 9
7 70
7 117
7 77
7 12
7 103
7 38
7 116
7 17
7 118
7 86
8 49
8 111
8 81
8 39
8 70
8 18
8 98
8 11
8 51
8 85
8 57
8 13
8 66
8 101
8 39
8 45
8 64
8 60
8 9
8 115
8 53
8 32
8 27
8 66
8 20
8 86
8 71
8 100
8 59
8 24
8 81
8 16
8 94
8 23
8 17
8 63
8 24
8 100
8 46
8 1
8 28
8 63
8 94
8 83
8 109
8 25
8 16
8 50
8 38
8 36
8 125
8 91
8 42
8 49
8 21
8 118
8 63
8 35
8 22
9 90
9 13
9 121
9 104
9 36
9 94
9 11
9 78
9 120
9 19
9 2
9 21
9 13
9 23
9 91
9 85
9 103
9 101
9 98
9 119
9 35
9 44
9 62
9 7
9 50
9 67
9 85
9 85
9 67
9 14
9 42
9 30
9 127
9 76
9 98
9 17
9 30
9 54
9 64
9 17
9 114
9 78
9 41
9 122
9 28
9 88
9 34
9 30
9 40
9 114
9 67
9 110
9 43
9 60
9 7
9 27
9 58
9 15
9 4
9 53
9 53
9 6
9 7
9 92
10 65
10 17
10 101
10 71
10 74
10 97
10 122
10 94
10 44
10 109
10 48
10 46
10 106
10 89
10 113
10 45
10 33
10 35
10 71
10 42
10 124
10 49
10 33
10 117
10 21
10 44
10 90
10 31
10 29
10 93
10 4
10 8
10 16
10 73
10 42
10 17
10 83
10 45
10 102
10 3
10 103
10 65
10 80
10 11
10 27
10 19
10 107
10 92
10 49
10 100
10 35
10 120
10 29
10 45
10 46
10 118
11 124
11 5
11 44
11 122
11 110
11 64
11 72
11 64
11 20
11 106
11 67
11 22
11 29
11 91
11 102
11 125
11 52
11 52
11 82
11 72
11 83
11 88
11 1
11 110
11 63
11 78
11 71
11 105
11 41
11 71
11 83
11 89
11 126
11 108
11 106
11 50
11 13
11 3
11 12
11 4
11 89
11 2
11 55
11 26
11 38
11 117
11 49
11 56
11 86
11 33
11 5
11 123
11 72
11 31
11 26
11 120
11 109
11 52
11 117
11 102
12 95
12 53
12 2
12 66
12 108
12 105
12 96
12 56
12 60
12 53
12 102
12 72
12 89
12 79
12 37
12 87
12 61
12 100
12 105
12 47
12 45
12 1
12 30
12 3
12 36
12 125
12 46
12 126
12 24
12 18
12 109
12 97
12 67
12 24
12 64
12 25
12 54
12 34
12 81
12 61
12 24
12 109
12 65
12 17
12 99
12 7
12 80
12 80
12 98
12 86
12 49
12 38
12 105
12 63
12 95
12 93
12 52
12 33
12 7
12 120
12 73
13 66
13 23
13 109
13 69
13 44
13 87
13 98
13 91
13 94
13 104
13 32
13 127
13 25
13 76
13 22
13 20
13 41
13 71
13 84
13 11
13 120
13 125
13 120
13 103
13 67
13 117
13 111
13 38
13 122
13 119
13 22
13 62
13 124
13 31
13 44
13 81
13 64
13 37
13 90
13 110
13 17
13 95
13 8
13 62
13 64
13 95
13 53
13 102
13 76
13 10
13 70
13 18
13 75
13 14
13 50
13 36
13 46
13 7
13 28
14 93
14 77
14 83
14 86
14 101
14 74
14 100
14 124
14 5
14 76
14 98
14 108
14 47
14 70
14 34
14 79
14 98
14 66
14 69
14 87
14 99
14 25
14 81
14 44
14 24
14 10
14 111
14 45
14 74
14 116
14 97
14 36
14 121
14 84
14 98
14 61
14 31
14 8
14 50
14 105
14 4
14 79
14 60
14 90
14 117
14 114
14 8
14 86
14 98
14 50
14 32
14 96
14 93
14 90
14 33
14 25
14 98
14 75
14 48
14 28
15 4
15 116
15 42
15 15
15 12
15 94
15 124
15 83
15 38
15 64
15 103
15 7
15 57
15 16
15 22
15 47
15 84
15 87
15 66
15 53
15 66
15 67
15 36
15 56
15 66
15 93
15 119
15 85
15 9
15 49
15 33
15 29
15 56
15 66
15 66
15 42
15 54
15 112
15 76
15 82
15 78
15 90
15 4
15 26
15 53
15 40
15 37
15 36
15 60
15 105
15 50
15 98
15 117
15 36
15 32
15 40
15 122
15 57
15 40
15 104
15 124
16 47
16 2
16 67
16 58
16 68
16 44
16 123
16 13
16 9
16 124
16 106
16 98
16 55
16 41
16 14
16 66
16 93
16 64
16 54
16 53
16 1
16 47
16 64
16 114
16 120
16 79
16 109
16 13
16 41
16 91
16 114
16 93
16 48
16 25
16 39
16 38
16 117
16 32
16 65
16 37
16 71
16 41
16 20
16 125
16 98
16 78
16 9
16 22
16 8
16 29
16 65
16 104
16 94
16 14
16 72
16 99
16 85
16 97
16 81
16 15
16 40
16 21
16 26
16 105
16 104
16 123
16 7
16 99
17 73
17 110
17 126
17 102
17 19
17 84
17 70
17 35
17 121
17 94
17 80
17 24
17 63
17 76
17 74
17 54
17 105
17 64
17 74
17 57
17 15
17 88
17 30
17 15
17 107
17 4
17 79
17 91
17 80
17 78
17 30
17 36
17 122
17 40
17 49
17 44
17 116
17 122
17 92
17 94
17 73
17 120
17 97
17 61
17 30
17 109
17 30
17 52
17 106
17 6
17 114
18 21
18 43
18 83
18 21
18 40
18 101
18 104
18 85
18 67
18 95
18 88
18 105
18 59
18 57
18 106
18 109
18 11
18 53
18 38
18 112
18 84
18 122
18 59
18 20
18 65
18 5
18 65
18 22
18 59
18 113
18 33
18 50
18 65
18 52
18 113
18 38
18 124
18 72
18 68
18 57
18 48
18 20
18 125
18 51
18 103
18 22
18 65
18 55
18 118
18 7
18 9
18 96
18 53
18 76
18 10
18 68
18 47
18 67
18 73
18 24
18 65
19 121
19 59
19 43
19 53
19 33
19 48
19 73
19 27
19 26
19 102
19 18
19 126
19 94
19 111
19 100
19 105
19 40
19 116
19 64
19 5
19 68
19 25
19 59
19 74
19 94
19 17
19 92
19 17
19 68
19 31
19 87
19 101
19 14
19 102
19 41
19 23
19 30
19 125
19 105
19 98
19 76
19 115
19 108
19 15
19 84
19 36
19 81
19 36
19 81
19 72
19 79
19 117
19 123
19 72
19 5
19 46
19 69
19 62
19 23
20 124
20 106
20 34
20 102
20 42
20 28
20 24
20 106
20 61
20 62
20 120
20 91
20 17
20 17
20 32
20 35
20 30
20 63
20 50
20 29
20 80
20 67
20 63
20 39
20 39
20 31
20 70
20 61
20 20
20 111
20 29
20 124
20 92
20 102
20 79
20 19
20 9
20 25
20 96
20 18
20 123
20 73
20 40
20 121
20 84
20 48
20 53
20 37
20 6
20 9
20 10
20 28
20 54
20 20
20 23
20 27
20 59
20 21
20 11
20 95
20 108
20 72
20 95
20 110
21 63
21 101
21 33
21 118
21 18
21 39
21 100
21 92
21 41
21 12
21 41
21 115
21 114
21 75
21 21
21 113
21 78
21 63
21 32
21 43
21 43
21 106
21 21
21 29
21 58
21 56
21 17
21 21
21 127
21 88
21 17
21 94
21 68
21 103
21 71
21 117
21 114
21 98
21 47
21 76
21 36
21 9
21 27
21 104
21 74
21 60
21 123
21 106
21 100
21 65
21 91
21 49
21 55
21 102
21 83
21 82
22 121
22 31
22 66
22 70
22 29
22 114
22 65
22 89
22 46
22 124
22 27
22 33
22 119
22 102
22 127
22 8
22 82
22 78
22 27
22 3
22 65
22 105
22 15
22 52
22 99
22 25
22 100
22 114
22 93
22 78
22 123
22 49
22 124
22 14
22 41
22 117
22 3
22 109
22 16
22 97
22 73
22 67
22 78
22 16
22 85
22 97
22 55
22 33
22 83
22 93
22 79
22 75
22 54
22 27
22 40
22 24
22 126
22 118
22 17
22 75
22 72
23 11
23 57
23 96
23 4
23 125
23 127
23 82
23 124
23 27
23 35
23 121
23 69
23 127
23 46
23 1
23 49
23 98
23 66
23 17
23 62
23 83
23 109
23 42
23 114
23 117
23 20
23 15
23 109
23 83
23 38
23 87
23 29
23 29
23 25
23 48
23 42
23 12
23 55
23 86
23 31
23 54
23 65
23 113
23 91
23 36
23 40
23 56
23 34
23 99
23 26
23 80
23 110
23 99
23 96
23 108
23 84
23 32
23 122
23 52
23 63
23 78
23 124
24 66
24 10
24 64
24 15
24 63
24 20
24 77
24 68
24 108
24 72
24 120
24 28
24 91
24 22
24 78
24 18
24 114
24 64
24 4
24 21
24 6
24 112
24 55
24 110
24 114
24 71
24 45
24 13
24 63
24 1
24 117
24 39
24 45
24 10
24 26
24 23
24 3
24 60
24 61
24 83
24 104
24 111
24 26
24 36
24 107
24 67
24 116
24 6
24 36
24 113
24 17
24 56
24 90
24 86
24 39
24 101
24 24
25 44
25 50
25 92
25 9
25 23
25 55
25 94
25 52
25 72
25 86
25 50
25 39
25 87
25 114
25 42
25 85
25 76
25 69
25 67
25 114
25 6
25 100
25 94
25 103
25 37
25 51
25 105
25 93
25 76
25 52
25 122
25 63
25 103
25 120
25 44
25 53
25 22
25 97
25 92