1 15
3 57
3 116
3 30
4 125
5 67
5 67
5 26
5 2
5 79
5 92
5 106
5 23
5 31
5 32
5 10
5 78
5 5
5 15
5 55
5 4
5 24
5 72
5 57
5 119
5 123
5 29
5 28
5 29
5 14
5 38
5 90
5 21
5 57
5 40
5 55
5 63
5 21
5 41
5 101
5 37
5 63
5 69
5 111
5 74
5 83
5 56
5 80
5 114
5 17
5 2
5 50
5 85
5 69
5 120
5 100
5 55
5 27
5 3
5 89
5 75
5 52
6 82
6 39
6 16
6 69
6 82
6 103
6 3
6 26
6 71
6 68
6 14
6 16
6 34
6 89
6 29
6 70
6 82
6 55
6 121
6 100
6 110
6 76
6 94
6 22
6 35
6 108
6 32
6 79
6 60
6 79
6 95
6 31
6 111
6 68
6 29
6 114
6 76
6 27
6 71
6 70
6 61
6 60
6 43
6 14
6 113
6 102
6 105
6 124
6 23
6 40
6 72
6 78
6 122
6 45
6 32
6 95
6 14
6 55
6 89
6 102
7 7
7 24
7 112
7 116
7 33
7 92
7 107
7 118
7 124
7 94
7 32
7 52
7 114
7 68
7 22
7 75
7 71
7 98
7 71
7 117
7 120
7 32
7 5
7 30
7 6
7 127
7 122
7 30
7 21
7 44
7 9
7 72
7 37
7 1
7 28
7 81
7 107
7 51
7 93
7 35
7 102
7 26
7 29
7 85
7 21
7 107
7 113
7 113
7 75
7 47
7 6
7 101
7 47
7 19
7 23
7 33
7 55
7 52
7 122
7 8
7 81
8 89
8 46
8 75
8 44
8 18
8 48
8 85
8 49
8 115
8 103
8 21
8 44
8 96
8 53
8 77
8 104
8 29
8 21
8 94
8 101
8 1
8 1
8 92
8 87
8 80
8 19
8 112
8 68
8 96
8 4
8 103
8 63
8 49
8 110
8 33
8 97
8 93
8 21
8 22
8 104
8 16
8 103
8 64
8 51
8 32
8 96
8 32
8 9
8 19
8 74
8 103
8 9
8 126
8 2
8 52
8 109
8 15
8 45
8 50
8 2
8 23
8 94
9 16
9 41
9 52
9 97
9 91
9 66
9 113
9 81
9 71
9 69
9 27
9 3
9 56
9 111
9 6
9 57
9 102
9 119
9 108
9 45
9 119
9 59
9 49
9 5
9 39
9 86
9 126
9 86
9 40
9 50
9 88
9 80
9 42
9 43
9 30
9 29
9 44
9 100
9 43
9 107
9 102
9 62
9 25
9 32
9 83
9 79
9 16
9 47
9 75
9 98
9 17
9 87
9 68
9 44
9 102
9 43
9 76
9 35
9 18
10 18
10 26
10 58
10 79
10 10
10 35
10 76
10 72
10 83
10 72
10 99
10 114
10 55
10 110
10 61
10 9
10 95
10 112
10 91
10 112
10 97
10 8
10 68
10 50
10 70
10 8
10 119
10 113
10 82
10 69
10 81
10 84
10 77
10 91
10 97
10 7
10 110
10 16
10 18
10 22
10 118
10 28
10 121
10 125
10 13
10 58
10 92
10 19
10 99
10 51
10 50
10 46
10 105
10 5
10 119
10 77
10 2
10 64
10 96
11 114
11 3
11 41
11 76
11 77
11 8
11 86
11 2
11 63
11 66
11 74
11 109
11 24
11 54
11 57
11 46
11 61
11 100
11 1
11 115
11 71
11 25
11 70
11 99
11 118
11 11
11 34
11 31
11 59
11 57
11 24
11 75
11 126
11 124
11 42
11 81
11 22
11 49
11 48
11 2
11 107
11 37
11 84
11 67
11 116
11 14
11 23
11 23
11 120
11 28
11 66
11 41
11 89
11 74
11 6
11 27
11 14
11 102
11 59
11 71
11 8
12 108
12 76
12 62
12 115
12 103
12 83
12 105
12 9
12 6
12 64
12 32
12 24
12 23
12 84
12 90
12 39
12 43
12 60
12 79
12 69
12 114
12 36
12 81
12 101
12 106
12 100
12 109
12 93
12 7
12 61
12 48
12 126
12 3
12 30
12 84
12 28
12 51
12 63
12 35
12 2
12 46
12 79
12 56
12 99
12 77
12 24
12 7
12 102
12 89
12 62
12 69
12 89
12 124
12 45
12 103
12 33
12 54
12 47
13 63
13 68
13 2
13 126
13 51
13 79
13 107
13 106
13 8
13 125
13 74
13 92
13 75
13 33
13 118
13 59
13 11
13 54
13 64
13 99
13 35
13 34
13 96
13 44
13 112
13 4
13 54
13 53
13 23
13 37
13 106
13 3
13 35
13 14
13 22
13 15
13 42
13 9
13 116
13 36
13 7
13 83
13 65
13 122
13 78
13 22
13 20
13 88
13 110
13 11
13 49
13 109
13 36
13 63
13 34
13 1
13 71
13 7
13 12
13 56
14 35
14 27
14 91
14 123
14 94
14 48
14 100
14 37
14 119
14 21
14 22
14 127
14 102
14 55
14 117
14 34
14 79
14 71
14 58
14 100
14 121
14 46
14 11
14 122
14 87
14 56
14 52
14 35
14 51
14 34
14 77
14 17
14 105
14 91
14 69
14 126
14 108
14 119
14 88
14 96
14 89
14 77
14 123
14 18
14 105
14 80
14 110
14 117
14 119
14 7
14 63
14 53
14 32
14 53
14 123
14 57
14 19
14 58
14 67
14 124
14 104
15 89
15 37
15 113
15 90
15 126
15 19
15 100
15 72
15 38
15 37
15 123
15 94
15 18
15 26
15 95
15 43
15 62
15 29
15 9
15 75
15 93
15 9
15 76
15 98
15 33
15 118
15 40
15 88
15 113
15 119
15 30
15 41
15 122
15 10
15 2
15 127
15 21
15 23
15 48
15 50
15 94
15 41
15 120
15 62
15 29
15 47
15 125
15 107
15 65
15 16
15 44
15 18
15 92
15 1
15 44
15 93
15 76
15 123
15 45
16 122
16 115
16 72
16 17
16 95
16 19
16 14
16 96
16 84
16 59
16 30
16 126
16 14
16 57
16 47
16 113
16 69
16 109
16 53
16 99
16 17
16 90
16 4
16 1
16 63
16 114
16 34
16 49
16 85
16 107
16 109
16 76
16 121
16 109
16 44
16 26
16 49
16 26
16 73
16 97
16 6
16 34
16 1
16 97
16 69
16 28
16 58
16 46
16 116
16 61
16 45
16 75
16 53
16 100
16 103
16 76
16 27
16 13
16 32
16 121
16 61
17 37
17 113
17 58
17 32
17 11
17 114
17 25
17 116
17 57
17 122
17 27
17 85
17 105
17 16
17 121
17 87
17 35
17 54
17 70
17 62
17 1
17 81
17 104
17 2
17 76
17 102
17 56
17 119
17 123
17 1
17 54
17 14
17 113
17 6
17 17
17 95
17 32
17 67
17 66
17 72
17 61
17 13
17 51
17 100
17 44
17 24
17 23
17 1
17 41
17 36
17 51
17 125
17 98
17 94
17 78
17 37
17 126
17 19
17 49
18 27
18 37
18 65
18 1
18 99
18 97
18 124
18 9
18 69
18 13
18 16
18 74
18 103
18 109
18 74
18 94
18 19
18 77
18 36
18 18
18 28
18 84
18 12
18 25
18 127
18 122
18 34
18 28
18 73
18 113
18 36
18 96
18 6
18 93
18 62
18 124
18 9
18 57
18 19
18 104
18 101
18 2
18 12
18 27
18 26
18 13
18 49
18 3
18 59
18 64
18 62
18 1
18 116
18 37
18 80
18 7
18 107
18 29
18 38
18 25
19 57
19 116
19 6
19 110
19 20
19 85
19 64
19 15
19 30
19 46
19 106
19 119
19 26
19 113
19 65
19 72
19 29
19 97
19 7
19 3
19 108
19 27
19 66
19 124
19 26
19 6
19 29
19 3
19 50
19 39
19 66
19 73
19 42
19 125
19 110
19 52
19 87
19 53
19 119
19 19
19 1
19 66
19 79
19 82
19 46
19 1
19 124
19 16
19 78
19 118
19 93
19 7
19 9
19 95
19 41
19 125
19 105
19 59
19 89
19 88
19 21
19 46
19 37
19 115
20 125
20 81
20 23
20 122
20 53
20 33
20 104
20 60
20 101
20 89
20 116
20 49
20 126
20 58
20 67
20 121
20 88
20 121
20 113
20 2
20 27
20 46
20 7
20 28
20 65
20 101
20 99
20 93
20 3
20 121
20 110
20 12
20 45
20 25
20 85
20 67
20 117
20 60
20 60
20 33
20 78
20 126
20 32
20 8
20 52
20 52
20 43
20 120
20 31
20 100
20 50
20 52
20 86
20 53
20 9
20 11
21 23
21 102
21 72
21 33
21 118
21 88
21 16
21 30
21 35
21 110
21 55
21 37
21 8
21 122
21 105
21 27
21 70
21 69
21 91
21 19
21 47
21 26
21 68
21 101
21 96
21 23
21 46
21 49
21 81
21 73
21 105
21 10
21 15
21 114
21 122
21 80
21 79
21 58
21 61
21 5
21 47
21 31
21 32
21 124
21 19
21 92
21 28
21 99
21 64
21 111
21 13
21 57
21 125
21 87
21 14
21 127
21 73
21 100
21 17
21 76
22 87
22 10
22 85
22 28
22 111
22 32
22 103
22 48
22 70
22 112
22 17
22 79
22 112
22 68
22 41
22 36
22 92
22 118
22 48
22 126
22 115
22 41
22 7
22 2
22 120
22 34
22 94
22 105
22 37
22 52
22 83
22 118
22 52
22 19
22 45
22 63
22 99
22 16
22 65
22 1
22 27
22 115
22 108
22 9
22 58
22 118
22 55
22 75
22 29
22 92
22 20
22 98
22 10
22 94
22 125
22 113
22 79
22 61
22 70
22 110
23 110
23 1
23 19
23 52
23 120
23 72
23 28
23 94
23 78
23 70
23 125
23 83
23 75
23 118
23 39
23 45
23 70
23 6
23 21
23 119
23 17
23 118
23 26
23 65
23 99
23 125
23 103
23 65
23 59
23 7
23 16
23 49
23 33
23 35
23 25
23 20
23 99
23 17
23 20
23 77
23 104
23 30
23 50
23 82
23 52
23 62
23 53
23 46
23 34
23 73
23 118
23 51
23 69
23 56
23 60
23 32
23 3
23 14
23 74
23 62
23 83
24 47
24 20
24 68
24 66
24 61
24 47
24 66
24 71
24 61
24 67
24 64
24 30
24 105
24 46
24 124
24 26
24 20
24 120
24 118
24 65
24 119
24 115
24 44
24 92
24 90
24 112
24 79
24 99
24 21
24 60
24 69
24 39
24 54
24 9
24 24
24 79
24 61
24 108
24 98
24 96
24 100
24 78
24 66
24 38
24 116
24 86
24 88
24 75
24 127
24 66
24 118
24 23
24 56
24 20
24 1
24 60
24 78
24 16
24 85
24 55
24 92
24 127
25 92
25 39
25 34
25 52
25 53
25 114
25 56
25 22
25 20
25 14
25 69
25 82
25 121
25 64
25 79
25 10
25 112
25 35
25 23
25 79
25 78
25 77
25 15
25 33
25 87
25 113
25 118
25 89
25 109
25 92
25 101
25 92
25 119
25 63
25 13
25 37