4 7
5 51
5 122
5 103
5 90
5 127
5 103
5 55
5 125
5 65
5 127
5 120
5 99
5 15
5 98
5 14
5 63
5 31
5 29
5 47
5 53
5 29
5 107
5 5
5 95
5 102
5 65
5 45
5 109
5 57
5 23
5 87
5 36
5 40
5 110
5 58
5 113
5 7
5 10
5 46
5 7
5 98
5 99
5 89
5 18
5 77
5 88
5 72
5 72
5 44
5 100
5 27
5 115
5 75
5 33
5 51
5 106
5 29
5 45
5 56
5 117
5 46
6 95
6 19
6 36
6 75
6 56
6 127
6 107
6 114
6 21
6 125
6 27
6 51
6 47
6 40
6 24
6 118
6 114
6 85
6 58
6 55
6 8
6 15
6 18
6 100
6 124
6 99
6 112
6 104
6 35
6 16
6 95
6 65
6 15
6 47
6 70
6 103
6 80
6 84
6 94
6 97
6 52
6 68
6 59
6 56
6 11
6 117
6 49
6 75
6 107
6 85
6 86
6 105
6 35
6 54
6 26
6 102
6 28
6 91
6 42
6 64
7 15
7 53
7 108
7 66
7 58
7 115
7 65
7 96
7 118
7 14
7 82
7 79
7 4
7 109
7 91
7 51
7 94
7 57
7 11
7 3
7 110
7 122
7 91
7 26
7 11
7 65
7 72
7 86
7 90
7 94
7 54
7 17
7 22
7 46
7 63
7 94
7 21
7 27
7 25
7 46
7 106
7 90
7 61
7 46
7 27
7 87
7 105
7 98
7 84
7 56
7 93
7 68
7 94
7 64
7 38
7 19
7 116
7 126
7 3
7 99
7 16
8 70
8 127
8 18
8 5
8 55
8 97
8 120
8 116
8 49
8 9
8 91
8 8
8 90
8 82
8 124
8 91
8 25
8 25
8 48
8 60
8 78
8 22
8 102
8 91
8 123
8 31
8 122
8 31
8 36
8 3
8 20
8 109
8 108
8 14
8 57
8 116
8 50
8 66
8 31
8 67
8 81
8 97
8 28
8 9
8 49
8 43
8 5
8 96
8 48
8 125
8 71
8 82
8 6
8 15
8 40
8 58
8 100
8 56
8 104
9 79
9 51
9 101
9 20
9 26
9 36
9 79
9 56
9 41
9 40
9 84
9 112
9 98
9 88
9 76
9 49
9 51
9 79
9 16
9 53
9 103
9 72
9 106
9 124
9 46
9 107
9 73
9 61
9 91
9 24
9 107
9 39
9 7
9 86
9 60
9 100
9 59
9 49
9 52
9 78
9 106
9 83
9 57
9 36
9 70
9 31
9 122
9 53
9 119
9 82
9 121
9 38
9 111
9 24
9 56
9 48
9 77
9 21
9 28
9 24
9 93
10 2
10 43
10 109
10 13
10 123
10 15
10 8
10 11
10 123
10 36
10 36
10 61
10 20
10 89
10 103
10 26
10 63
10 31
10 89
10 107
10 106
10 57
10 40
10 108
10 43
10 14
10 124
10 95
10 113
10 53
10 9
10 5
10 127
10 106
10 32
10 111
10 100
10 127
10 105
10 90
10 1
10 79
10 9
10 116
10 98
10 32
10 121
10 86
10 30
10 86
10 122
10 121
10 16
10 41
10 1
10 7
10 121
10 51
10 9
11 6
11 7
11 114
11 19
11 87
11 81
11 111
11 105
11 13
11 6
11 60
11 114
11 6
11 58
11 43
11 126
11 17
11 49
11 96
11 124
11 25
11 66
11 20
11 4
11 71
11 62
11 1
11 88
11 45
11 4
11 88
11 13
11 99
11 22
11 7
11 49
11 109
11 98
11 88
11 117
11 36
11 14
11 51
11 24
11 50
11 3
11 73
11 74
11 48
11 108
11 80
11 100
11 126
11 74
11 116
11 28
11 96
11 113
11 15
11 69
11 85
12 83
12 69
12 115
12 48
12 41
12 57
12 88
12 16
12 116
12 64
12 69
12 55
12 127
12 6
12 13
12 22
12 37
12 40
12 67
12 49
12 47
12 109
12 89
12 123
12 90
12 86
12 121
12 93
12 47
12 60
12 21
12 10
12 60
12 77
12 104
12 63
12 30
12 39
12 31
12 97
12 2
12 56
12 62
12 36
12 49
12 82
12 47
12 35
12 91
12 60
12 55
12 27
12 55
12 26
12 13
12 22
12 79
12 20
12 87
13 32
13 37
13 56
13 17
13 90
13 65
13 48
13 124
13 85
13 32
13 9
13 24
13 41
13 82
13 93
13 103
13 1
13 40
13 34
13 108
13 80
13 101
13 113
13 101
13 1
13 94
13 14
13 36
13 95
13 47
13 22
13 90
13 112
13 63
13 70
13 10
13 108
13 9
13 37
13 63
13 95
13 92
13 73
13 105
13 85
13 22
13 41
13 120
13 112
13 80
13 82
13 32
13 69
13 47
13 114
13 116
13 77
13 57
13 18
13 111
14 38
14 97
14 31
14 98
14 104
14 108
14 101
14 62
14 118
14 47
14 86
14 42
14 10
14 111
14 95
14 38
14 8
14 118
14 46
14 18
14 93
14 108
14 4
14 73
14 47
14 67
14 110
14 27
14 75
14 61
14 98
14 113
14 86
14 105
14 64
14 96
14 37
14 16
14 76
14 107
14 119
14 122
14 11
14 96
14 39
14 64
14 83
14 125
14 81
14 76
14 2
14 116
14 51
14 97
14 68
14 102
14 81
14 95
14 49
14 53
15 7
15 102
15 58
15 83
15 92
15 14
15 9
15 63
15 113
15 122
15 13
15 29
15 29
15 93
15 61
15 77
15 22
15 23
15 67
15 115
15 51
15 19
15 82
15 96
15 32
15 124
15 19
15 79
15 18
15 51
15 15
15 6
15 121
15 27
15 65
15 32
15 14
15 113
15 41
15 20
15 101
15 94
15 17
15 126
15 6
15 92
15 105
15 108
15 93
15 30
15 64
15 69
15 18
15 92
15 98
15 106
15 108
15 11
15 69
15 99
15 16
16 123
16 52
16 63
16 120
16 20
16 118
16 1
16 7
16 21
16 73
16 1
16 55
16 80
16 97
16 111
16 5
16 6
16 103
16 124
16 42
16 113
16 102
16 28
16 8
16 112
16 87
16 106
16 48
16 15
16 8
16 45
16 22
16 78
16 96
16 26
16 83
16 94
16 105
16 117
16 53
16 119
16 86
16 57
16 7
16 14
16 111
16 41
16 41
16 110
16 47
16 1
16 44
16 25
16 92
16 43
16 36
16 66
16 22
16 85
16 90
16 127
16 124
16 53
17 46
17 91
17 27
17 36
17 25
17 70
17 62
17 13
17 38
17 94
17 83
17 103
17 54
17 8
17 3
17 68
17 86
17 85
17 81
17 30
17 66
17 34
17 64
17 57
17 89
17 120
17 17
17 47
17 22
17 114
17 77
17 90
17 19
17 90
17 87
17 122
17 15
17 32
17 19
17 86
17 108
17 5
17 65
17 58
17 80
17 55
17 66
17 120
17 93
17 108
17 75
17 3
17 20
17 34
17 79
17 75
18 106
18 43
18 23
18 94
18 127
18 19
18 103
18 2
18 1
18 77
18 81
18 70
18 42
18 19
18 23
18 24
18 118
18 99
18 111
18 56
18 28
18 21
18 21
18 104
18 29
18 2
18 31
18 89
18 85
18 121
18 81
18 27
18 78
18 83
18 104
18 92
18 126
18 97
18 9
18 106
18 84
18 82
18 38
18 26
18 8
18 45
18 95
18 56
18 124
18 43
18 119
18 41
18 1
18 5
18 7
18 73
18 17
18 122
18 109
18 20
19 81
19 56
19 86
19 117
19 57
19 117
19 103
19 62
19 122
19 1
19 95
19 95
19 9
19 123
19 89
19 42
19 57
19 15
19 92
19 122
19 127
19 97
19 108
19 87
19 41
19 25
19 10
19 69
19 18
19 97
19 122
19 11
19 95
19 41
19 93
19 2
19 38
19 41
19 60
19 90
19 124
19 113
19 23
19 28
19 59
19 112
19 114
19 52
19 116
19 117
19 88
19 91
19 66
19 73
19 73
19 86
19 17
19 112
19 108
19 8
20 20
20 23
20 124
20 88
20 111
20 58
20 83
20 96
20 3
20 57
20 55
20 72
20 98
20 48
20 119
20 78
20 6
20 8
20 25
20 38
20 26
20 21
20 31
20 104
20 11
20 10
20 105
20 39
20 58
20 98
20 87
20 27
20 106
20 9
20 20
20 50
20 72
20 8
20 109
20 106
20 27
20 77
20 19
20 13
20 30
20 28
20 16
20 39
20 48
20 7
20 98
20 77
20 97
20 43
20 127
20 76
20 108
20 99
20 23
20 65
21 31
21 59
21 81
21 63
21 97
21 124
21 61
21 107
21 2
21 2
21 28
21 109
21 48
21 7
21 65
21 33
21 102
21 87
21 71
21 87
21 125
21 51
21 48
21 46
21 48
21 17
21 100
21 26
21 78
21 114
21 107
21 98
21 94
21 101
21 7
21 33
21 21
21 120
21 72
21 20
21 24
21 47
21 21
21 72
21 42
21 65
21 37
21 60
21 17
21 88
21 101
21 25
21 67
21 52
21 83
21 81
21 4
21 29
21 59
21 2
21 28
22 112
22 103
22 34
22 127
22 103
22 13
22 92
22 4
22 121
22 53
22 79
22 77
22 34
22 11
22 109
22 91
22 105
22 112
22 54
22 96
22 104
22 109
22 25
22 115
22 76
22 16
22 105
22 98
22 63
22 3
22 85
22 1
22 62
22 63
22 89
22 105
22 25
22 41
22 55
22 97
22 35
22 43
22 123
22 10
22 45
22 84
22 97
22 54
22 66
22 100
22 62
22 50
22 69
22 124
22 82
22 38
22 2
22 6
22 49
23 22
23 27
23 69
23 112
23 110
23 84
23 23
23 64
23 88
23 125
23 36
23 72
23 114
23 31
23 13
23 33
23 82
23 18
23 111
23 23
23 52
23 34
23 89
23 94
23 54
23 81
23 3
23 116
23 29
23 81
23 81
23 7
23 94
23 47
23 109
23 45
23 23
23 48
23 33
23 12
23 95
23 122
23 69
23 84
23 25
23 59
23 3
23 5
23 17
23 35
23 59
23 123
23 116
23 112
23 99
23 56
23 100
23 16
23 99
23 64
23 40
23 35
23 86
23 14
24 43
24 104
24 58
24 1
24 118
24 86
24 108
24 110
24 3
24 121
24 89
24 33
24 108
24 75
24 79
24 102
24 96
24 39
24 8
24 51
24 80
24 20
24 82
24 56
24 53
24 114
24 81
24 127
24 44
24 25
24 122
24 27
24 43
24 44
24 27
24 127
24 27
24 53
24 74
24 22
24 31
24 97
24 75
24 47
24 40
24 94
24 121
24 113
24 36
24 105
24 105
24 64
24 16
24 125
24 43
24 6
25 46
25 77
25 85
25 101
25 34
25 48
25 77
25 78
25 104
25 126
25 65
25 45
25 2
25 17
25 71
25 39
25 28
25 69
25 118
25 116
25 73
25 48
25 78
25 58
25 20
25 23
25 108
25 114
25 81
25 90
25 1
25 37
25 37
25 58
25 60
25 52
25 45
25 62
25 45
25 87
25 107
25 20
25 41
25 62
25 111
25 58
25 30
25 43
25 14
25 36
25 81
25 32
25 77
25 115
25 70
25 11
25 34
25 106
25 62
25 37
25 21
25 39
25 46
26 19
26 108
26 59
26 44
26 41
26 87
26 76
26 104
26 108
26 96
26 69
26 123
26 77
26 40
26 6
26 104
26 107
26 90
26 109
26 31
26 11
26 12
26 82
26 126
26 25
26 46
26 117
26 76
26 23
26 68
26 103
26 46
26 40
26 24
26 34
26 92
26 77
26 96
26 64
26 51
26 87
26 74
26 100
26 82
26 51
26 55
26 77
26 100
26 78
26 64
26 42
26 91
26 25
26 60
26 11
26 110
26 95
27 120
27 39
27 17
27 19
27 90
27 11
27 71
27 73
27 76
27 74
27 51
27 63
27 125
27 120
27 118
27 113
27 14
27 111
27 4
27 65
27 18
27 5
27 53
27 110
27 53
27 106
27 117
27 72
27 64
27 87
27 77
27 51
27 8
27 120
27 90
27 99
27 87
27 110
27 89
27 117
27 80
27 92
27 112
27 90
27 115
27 81
27 20
27 47
27 28
27 53
27 3
27 82
27 22
27 110
27 115
27 54
27 125
27 40
27 1
27 62
27 45
28 115
28 124
28 33
28 126
28 32
28 90
28 127
28 115
28 39
28 34
28 125
28 12
28 38
28 12
28 45
28 22
28 52
28 19
28 40
28 9
28 77
28 37
28 29
28 127
28 62
28 112
28 60
28 73
28 65
28 54
28 109
28 126
28 38
28 114
28 15
28 82
28 84
28 32
28 115
28 49
28 15
28 33
28 75
28 127
28 48
28 95
28 54
28 100
28 21
28 44
28 20
28 40
28 73
28 113
28 16
28 69
28 39
28 96
28 5
29 112
29 114
29 5
29 8
29 23
29 23
29 79
29 77
29 105
29 19
29 118
29 28
29 16
29 59
29 2
29 48
29 27
29 80
29 47
29 109
29 71
29 3
29 98
29 32
29 90
29 100
29 59
29 98
29 50
29 17
29 80
29 42
29 73
29 86
29 115
29 119
29 102
29 44
29 127
29 18
29 67
29 61
29 5
29 54
29 44
29 11
29 33
29 10
29 63
29 43
29 7
29 118
29 122
29 7
29 83
29 63
29 48
29 107
29 47
29 47
29 69
29 71
29 108
29 53
30 49
30 105
30 90
30 97
30 105
30 16
30 21
30 32
30 6
30 91
30 110
30 118
30 114
30 97
30 58
30 47
30 120
30 19
30 46
30 71
30 37
30 51
30 106
30 23
30 43
30 25
30 52
30 54
30 102
30 53
30 55
30 20
30 92
30 13
30 127
30 10
30 74
30 101
30 88
30 32
30 54
30 39
30 82
30 58
30 28
30 23
30 48
30 1
30 18
30 13
30 50
30 42
30 101
30 17
30 68
30 91
31 91
31 6
31 93
31 24
31 91
31 126
31 110
31 48
31 116
31 66
31 12
31 4
31 69
31 116
31 6
31 73
31 71
31 55
31 83
31 69
31 90
31 100
31 33
31 22
31 34
31 25
31 10
31 5
31 122
31 117
31 49
31 97
31 82
31 58
31 68
31 59
31 79
31 124
31 30
31 63
31 8
31 32
31 110
31 127
31 11
31 85
31 21
31 26
31 10
31 39
31 49
31 31
31 118
31 79
31 26
31 6
31 107
31 41
31 7
31 41
32 68
32 1
32 103
32 109
32 83
32 101
32 127
32 121
32 63
32 106
32 52
32 113
32 63
32 30
32 44
32 99
32 32
32 67
32 67
32 51
32 19
32 87
32 77
32 15
32 26
32 31
32 47
32 40
32 34
32 98
32 24
32 83
32 65
32 89
32 24
32 113
32 105
32 37
32 5
32 28
32 68
32 69
32 73
32 117
32 19
32 12
32 123
32 85
32 18
32 81
32 9
32 83
32 31
32 117
32 59
32 27
32 7
32 5
32 58
32 108
33 110
33 24
33 73
33 102
33 45
33 14
33 8
33 26
33 64
33 90
33 76
33 12
33 22
33 35
33 56
33 99
33 75
33 61
33 93
33 80
33 100
33 111
33 25
33 35
33 125
33 2
33 36
33 125
33 16
33 119
33 17
33 1
33 70
33 16
33 6
33 24
33 60
33 127
33 49
33 22
33 83
33 65
33 67
33 41
33 68
33 36
33 111
33 73
33 12
33 63
33 101
33 84
33 77
33 87
33 101
33 96
33 39
33 88
33 34
33 8
34 122
34 106
34 6
34 41
34 63
34 88
34 76
34 57
34 28
34 117
34 4
34 104
34 74
34 3
34 88
34 63
34 7
34 52
34 124
34 33
34 23
34 122
34 127
34 22
34 43
34 93
34 123
34 27
34 112
34 123
34 125
34 125
34 120
34 126
34 103
34 80
34 40
34 23
34 123
34 27
34 106
34 38
34 87
34 51
34 89
34 30
34 108
34 88
34 96
34 123
34 122
34 10
34 64
34 85
34 107
34 8
34 30
34 127
34 13
34 65
34 63
35 95
35 115
35 36
35 120
35 6
35 7
35 92
35 41
35 111
35 103
35 85
35 44
35 21
35 83
35 31
35 32
35 26
35 72
35 90
35 29
35 49
35 47
35 41
35 105
35 83
35 109
35 23
35 101
35 21
35 93
35 8
35 75
35 80
35 77
35 66
35 120
35 10
35 67
35 92
35 48
35 109
35 58
35 119
35 17
35 77
35 110
35 114
35 74
35 27
35 97
35 12
35 74
35 31
35 49
35 125
35 90
35 83
35 34
35 85
36 79
36 57
36 6
36 121
36 9
36 38
36 48
36 3
36 64
36 2
36 65
36 24
36 109
36 27
36 61
36 7
36 45
36 60
36 12
36 2
36 33
36 3
36 17
36 120
36 120
36 125
36 69
36 24
36 65
36 26
36 85
36 123
36 103
36 26
36 100
36 61
36 20
36 45
36 51
36 91
36 79
36 36
36 103
36 24
36 105
36 116
36 101
36 58
36 123
36 19
36 13
36 61
36 20
36 59
36 120
36 17
36 111
36 113
36 102
36 78
36 67
37 19
37 17
37 106
37 121
37 113
37 18
37 14
37 51
37 28
37 27
37 85
37 99
37 22
37 60
37 27
37 95
37 81
37 101
37 114
37 118
37 120
37 1
37 111
37 43
37 55
37 64
37 99
37 81
37 114
37 57
37 59
37 118
37 84
37 47
37 54
37 71
37 102
37 61
37 35
37 127
37 79
37 91
37 22
37 31
37 50
37 118
37 112
37 75
37 15
37 88
37 71
37 39
37 28
37 106
37 123
37 32
37 114
37 123
37 57
38 59
38 26
38 21
38 101
38 94
38 90
38 120
38 64
38 8
38 14
38 127
38 2
38 9
38 114
38 120
38 80
38 7
38 36
38 56
38 36
38 75
38 92
38 112
38 89
38 60
38 78
38 108
38 108
38 23
38 82
38 51
38 100
38 88
38 76
38 23
38 110
38 125
38 34
38 74
38 99
38 82
38 109
38 125
38 8
38 34
38 34
38 18
38 67
38 106
38 57
38 93
38 102
38 121
38 53
38 95
38 91
38 20
38 107
38 61
38 16
39 110
39 114
39 75
39 112
39 39
39 81
39 3
39 44
39 70
39 89
39 13
39 52
39 46
39 101
39 80
39 19
39 22
39 79
39 22
39 113
39 56
39 123
39 5
39 120
39 98
39 78
39 16
39 84
39 24
39 44
39 103
39 78
39 105
39 36
39 102
39 26
39 113
39 91
39 8
39 1
39 32
39 87
39 13
39 16
39 8
39 55
39 95
39 116
39 71
39 79
39 17
39 40
39 49
39 122
39 74
39 37
39 91
39 49
39 48
39 10
39 34
39 52
40 60
40 52
40 40
40 66
40 30
40 111
40 101
40 41
40 107
40 94
40 67
40 98
40 21
40 33
40 108
40 92
40 68
40 39
40 68
40 5
40 111
40 106
40 1
40 108
40 69
40 83
40 4
40 99
40 97
40 38
40 9
40 16
40 44
40 72
40 5
40 125
40 107
40 45
40 5
40 98
40 87
40 42
40 82
40 30
40 47
40 27
40 55
40 13
40 71
40 123
40 75
40 77
40 115
40 105
40 18
40 4
40 111
40 53
40 40
41 46
41 104
41 121
41 38
41 117
41 14
41 104
41 105
41 47
41 104
41 52
41 48
41 36
41 117
41 103
41 114
41 61
41 119
41 108
41 7
41 68
41 96
41 100
41 90
41 21
41 40
41 71
41 119
41 84
41 84
41 104
41 8
41 47
41 77
41 93
41 13
41 61
41 25
41 59
41 17
41 73
41 32
41 90
41 101
41 51
41 113
41 2
41 4
41 115
41 10
41 63
41 40
41 91
41 36
41 71
41 85
41 32
41 76
41 61
41 83
42 66
42 48
42 114
42 111
42 50
42 4
42 124
42 45
42 57
42 101
42 93
42 49
42 67
42 104
42 6
42 13
42 72
42 87
42 30
42 65
42 22
42 34
42 8
42 7
42 73
42 20
42 48
42 71
42 96
42 110
42 20
42 64
42 81
42 51
42 98
42 50
42 64
42 5
42 67
42 112
42 119
42 101
42 75
42 87
42 32
42 106
42 67
42 72
42 45
42 16
42 23
42 26
42 113
42 99
42 18
42 36
42 42
42 62
42 20
42 122
43 56
43 99
43 75
43 7
43 116
43 77
43 104
43 46
43 57
43 22
43 7
43 40
43 94
43 23
43 62
43 92
43 108
43 124
43 52
43 21
43 38
43 21
43 45
43 20
43 68
43 25
43 59
43 13
43 28
43 125
43 71
43 116
43 93
43 37
43 29
43 54
43 25
43 69
43 11
43 104
43 19
43 4
43 105
43 6
43 34
43 87
43 12
43 83
43 29
43 121
43 64
43 43
43 48
43 126
43 14
43 27
43 99
43 9
43 74
44 100
44 39
44 63
44 39
44 116
44 102
44 29
44 75
44 48
44 41
44 66
44 101
44 111
44 45
44 123
44 53
44 118
44 121
44 5
44 1
44 110
44 66
44 67
44 60
44 31
44 31
44 33
44 120
44 99
44 112
44 11
44 17
44 119
44 118
44 93
44 30
44 43
44 48
44 100
44 24
44 69
44 125
44 94
44 35
44 1
44 32
44 79
44 20
44 50
44 21
44 113
44 21
44 122
44 58
44 61
44 79
44 75
44 111
44 113
44 127
45 54
45 49
45 1
45 52
45 123
45 66
45 87
45 100
45 9
45 61
45 19
45 90
45 73
45 1
45 82
45 56
45 61
45 9
45 99
45 112
45 67
45 16
45 4
45 66
45 20
45 46
45 57
45 94
45 51
45 119
45 51
45 5
45 71
45 37
45 84
45 34
45 52
45 38
45 99
45 97
45 123
45 62
45 66
45 71
45 103
45 109
45 16
45 48
45 86
45 72
45 28
45 107
45 46
45 60
45 4
45 57
45 51
45 3
45 43
45 8
46 23
46 93
46 102
46 52
46 101
46 96
46 22
46 32
46 18
46 3
46 55
46 20
46 70
46 123
46 102
46 111
46 107
46 55
46 36
46 115
46 83
46 53
46 71
46 14
46 21
46 95
46 121
46 17
46 12
46 90
46 24
46 108
46 54
46 65
46 104
46 100
46 2
46 37
46 98
46 19
46 91
46 39
46 71
46 15
46 70
46 86
46 117
46 44
46 30
46 73
46 94
46 80
46 91
46 96
46 62
46 107
46 67
46 73
46 14
46 34
47 53
47 122
47 101
47 118
47 9
47 116
47 126
47 112
47 63
47 42
47 106
47 2
47 122
47 105
47 105
47 49
47 77
47 103
47 73
47 9
47 13
47 76
47 125
47 40
47 57
47 106
47 62
47 29
47 23
47 39
47 95
47 77
47 40
47 53
47 16
47 94
47 38
47 111
47 76
47 110
47 83
47 29
47 48
47 64
47 18
47 80
47 23
47 10
47 11
47 19
47 9
47 35
47 69
47 44
47 4
47 12
47 97
47 77
47 17
47 87
47 11
48 71
48 82
48 35
48 56
48 22
48 96
48 33
48 16
48 100
48 2
48 40
48 111
48 89
48 81
48 126
48 79
48 116
48 72
48 92
48 106
48 110
48 1
48 11
48 31
48 111
48 29
48 115
48 123
48 60
48 12
48 123
48 64
48 44
48 99
48 83
48 101
48 110
48 32
48 118
48 92
48 13
48 64
48 2
48 31
48 98
48 89
48 112
48 15
48 111
48 90
48 34
48 27
48 15
48 35
48 101
48 112
48 24
48 84
48 5
48 29
49 80
49 61
49 19
49 26
49 98
49 13
49 105
49 81
49 126
49 97
49 24
49 95
49 79
49 33
49 8
49 101
49 31
49 38
49 116
49 69
49 59
49 7
49 33
49 53
49 91
49 122
49 124
49 42
49 68
49 54
49 69
49 63
49 82
49 70
49 41
49 102
49 92
49 19
49 80
49 48
49 127
49 74
49 44
49 116
49 121
49 20
49 105
49 47
49 96
49 119
49 6
49 73
49 3
49 6
49 27
49 101
49 37
49 102
49 89
50 62
50 62
50 20
50 84
50 4
50 83
50 1
50 81
50 76
50 54
50 104
50 10
50 45
50 17
50 21
50 39
50 118
50 77
50 45
50 88
50 81
50 5
50 5
50 124
50 104
50 26
50 3
50 56
50 53
50 18
50 21
50 45
50 53
50 113
50 34
50 125
50 79
50 55
50 72
50 16
50 12
50 51
50 89
50 118
50 25
50 25
50 91
50 78
50 14
50 92
50 96
50 121
50 38
50 39
50 32
50 125
50 102
50 53
50 30
50 125
50 60
50 84
50 24
50 44
50 55
51 16
51 63
51 57
51 119
51 63
51 49
51 116
51 19
51 31
51 41
51 89
51 38
51 79
51 42
51 28
51 48
51 24
51 7
51 23
51 121
51 66
51 7
51 27
51 54
51 29
51 56
51 108
51 126
51 51
51 75
51 30
51 96
51 83
51 73
51 45
51 101
51 108
51 63
51 111
51 61
51 4
51 87
51 40
51 46
51 123
51 36
51 29
51 87
51 106
51 35
51 101
51 64
51 34
51 64
51 118
51 20
52 92
52 112
52 14
52 14
52 110
52 38
52 47
52 58
52 13
52 127
52 80
52 124
52 118
52 55
52 90
52 111
52 62
52 107
52 74
52 61
52 29
52 86
52 90
52 11
52 127
52 3
52 41
52 60
52 32
52 12
52 25
52 59
52 105
52 20
52 19
52 80
52 12
52 116
52 73
52 45
52 107
52 33
52 8
52 88
52 24
52 80
52 89
52 44
52 108
52 27
52 2
52 26
52 57
52 93
52 91
52 52
52 68
52 89
52 116
52 110
52 105
53 11
53 29
53 92
53 82
53 57
53 51
53 32
53 37
53 18
53 14
53 119
53 76
53 3
53 100
53 76
53 33
53 85
53 17
53 96
53 108
53 27
53 75
53 22
53 116
53 89
53 18
53 19
53 61
53 41
53 82
53 107
53 14
53 64
53 116
53 85
53 38
53 127
53 16
53 34
53 12
53 7
53 96
53 37
53 3
53 52
53 31
53 37
53 102
53 91
53 9
53 37
53 72
53 93
53 36
53 73
53 106
53 24
53 41
53 112
54 2
54 49
54 46
54 3
54 127
54 102
54 56
54 73
54 12
54 98
54 62
54 80
54 70
54 9
54 93
54 98
54 121
54 26
54 125
54 91
54 17
54 103
54 115
54 117
54 85
54 42
54 2
54 80
54 73
54 27
54 122
54 35
54 37
54 60
54 44
54 120
54 106
54 7
54 113
54 100
54 81
54 33
54 94
54 123
54 52
54 22
54 121
54 81
54 69
54 2
54 34
54 23
54 116
54 55
54 26
54 92
54 41
54 110
54 91
54 1
55 86
55 74
55 63
55 49
55 104
55 66
55 48
55 80
55 77
55 50
55 29
55 121
55 35
55 71
55 70
55 56
55 81
55 59
55 87
55 44
55 78
55 9
55 26
55 74
55 79
55 124
55 40
55 5
55 20
55 66
55 49
55 33
55 4
55 22
55 85
55 74
55 1
55 96
55 77
55 9
55 85
55 36
55 72
55 102
55 11
55 1
55 26
55 118
55 61
55 11
55 88
55 48
55 69
55 60
55 26
55 120
55 13
55 86
55 55
56 116
56 3
56 66
56 18
56 124
56 76
56 17
56 2
56 30
56 62
56 71
56 3
56 62
56 39
56 93
56 118
56 112
56 100
56 36
56 28
56 23
56 37
56 39
56 71
56 116
56 51
56 44
56 114
56 16
56 18
56 97
56 13
56 118
56 124
56 3
56 27
56 105
56 69
56 60
56 100
56 70
56 79
56 113
56 13
56 40
56 110
56 108
56 23
56 99
56 12
56 121
56 115
56 123
56 16
56 110
56 118
56 94
56 59
56 57
56 118
57 58
57 93
57 55
57 105
57 64
57 78
57 100
57 46
57 115
57 49
57 29
57 91
57 74
57 77
57 53
57 50
57 4
57 26
57 98
57 77
57 122
57 121
57 33
57 49
57 43
57 26
57 108
57 81
57 57
57 41
57 110
57 76
57 109
57 6
57 91
57 52
57 45
57 26
57 64
57 100
57 120
57 57
57 66
57 126
57 119
57 11
57 125
57 107
57 58
57 16
57 48
57 23
57 11
57 73
57 60
57 42
57 24
57 70
57 49
57 86
57 124
58 96
58 18
58 51
58 79
58 112
58 59
58 56
58 41
58 105
58 100
58 100
58 44
58 29
58 124
58 30
58 97
58 67
58 74
58 20
58 61
58 33
58 2
58 2
58 41
58 98
58 15
58 5
58 106
58 40
58 49
58 73
58 17
58 42
58 99
58 4
58 42
58 22
58 73
58 118
58 7
58 63
58 117
58 42
58 53
58 93
58 127
58 47
58 93
58 66
58 75
58 121
58 100
58 60
58 98
58 29
58 63
58 90
58 59
58 9
59 123
59 22
59 48
59 58
59 26
59 22
59 73
59 125
59 54
59 115
59 101
59 109
59 103
59 83
59 23
59 75
59 13
59 17
59 109
59 42
59 104
59 79
59 101
59 74
59 36
59 54
59 62
59 96
59 103
59 72
59 57
59 26
59 73
59 25
59 23
59 2
59 28
59 100
59 5
59 90
59 58
59 14
59 78
59 38
59 58
59 95
59 19
59 5
59 64
59 59
59 61
59 11
59 127
59 98
59 7
59 1
59 43
59 35
59 78
59 70
59 12
59 72
59 76
59 97
60 10
60 76
60 77
60 67
60 92
60 126
60 4
60 101
60 9
60 59
60 102
60 100
60 25
60 68
60 41
60 18
60 52
60 104
60 125
60 123
60 120
60 18
60 3
60 9
60 30
60 25
60 9
60 23
60 32
60 72
60 100
60 28
60 81
60 93
60 86
60 90
60 68
60 73
60 2
60 118
60 36
60 112
60 59
60 8
60 69
60 104
60 98
60 38
60 100
60 25
60 75
60 10
60 119
60 19
60 24
60 93
60 66
61 96
61 123
61 94
61 52
61 81
61 41
61 11
61 63
61 76
61 105
61 23
61 16
61 31
61 2
61 75
61 53
61 2
61 126
61 33
61 5
61 87
61 82
61 22
61 92
61 49
61 52
61 52
61 83
61 121
61 79
61 8
61 72
61 28
61 106
61 27
61 111
61 54
61 88
61 125
61 59
61 31
61 84
61 55
61 39
61 42
61 37
61 45
61 47
61 90
61 72
61 77
61 61
61 47
61 45
61 68
61 22
61 1
61 72
61 92
61 112
62 98
62 101
62 43
62 83
62 95
62 18
62 90
62 109
62 105
62 6
62 37
62 23
62 105
62 127
62 99
62 125
62 47
62 113
62 61
62 22
62 126
62 115
62 125
62 9
62 124
62 19
62 78
62 26
62 86
62 104
62 115
62 115
62 121
62 92
62 87
62 112
62 21
62 103
62 107
62 36
62 16
62 111
62 4
62 57
62 87
62 93
62 64
62 95
62 117
62 126
62 56
62 29
62 50
62 28
62 111
62 62
62 105
62 106
62 50
63 61
63 95
63 36
63 73
63 51
63 16
63 111
63 29
63 87
63 60
63 107
63 88
63 71
63 103
63 82
63 102
63 1
63 105
63 50
63 48
63 125
63 35
63 118
63 110
63 117
63 38
63 115
63 33
63 54
63 77
63 99
63 121
63 78
63 52
63 58
63 103
63 59
63 29
63 66
63 73
63 10
63 15
63 56
63 51
63 86
63 124
63 107
63 10
63 85
63 12
63 38
63 3
63 57
63 51
63 24
63 41
63 55
63 111
63 65
63 87
63 116
64 22
64 100
64 51
64 3
64 120
64 122
64 72
64 60
64 94
64 43
64 47
64 22
64 117
64 86
64 79
64 125
64 36
64 2
64 70
64 93
64 52
64 83
64 33
64 58
64 126
64 7
64 78
64 65
64 103
64 93
64 62
64 93
64 96
64 99
64 69
64 67
64 88
64 24
64 19
64 68
64 53
64 31
64 90
64 75
64 7
64 21
64 54
64 95
64 43
64 61
64 39
64 103
64 56
64 34
64 91
64 1
64 118
64 109
64 45
65 3
65 81
65 45
65 73
65 47
65 7
65 49
65 57
65 80
65 4
65 121
65 55
65 125
65 69
65 82
65 81
65 114
65 127
65 55
65 28
65 93
65 85
65 8
65 98
65 18
65 78
65 78
65 106
65 90
65 4
65 119
65 58
65 62
65 23
65 39
65 102
65 87
65 75
65 74
65 28
65 72
65 64
65 19
65 91
65 21
65 92
65 56
65 48
65 84
65 110
65 117
65 16
65 2
65 117
65 112
65 51
65 73
65 77
65 74
65 31
65 4
66 76
66 110
66 51
66 42
66 89
66 21
66 17
66 15
66 91
66 100
66 110
66 56
66 3
66 58
66 49
66 21
66 38
66 72
66 91
66 21
66 109
66 123
66 73
66 14
66 105
66 16
66 86
66 43
66 70
66 127
66 74
66 13
66 34
66 108
66 14
66 92
66 94
66 58
66 46
66 61
66 58
66 80
66 111
66 20
66 68
66 71
66 100
66 122
66 40
66 25
66 56
66 98
66 88
66 93
66 36
66 113
66 16
66 55
66 74
67 124
67 27
67 60
67 7
67 34
67 113
67 107
67 107
67 76
67 106
67 101
67 114
67 53
67 62
67 71
67 30
67 38
67 97
67 89
67 46
67 8
67 97
67 122
67 37
67 57
67 58
67 108
67 34
67 121
67 92
67 5
67 83
67 45
67 21
67 16
67 29
67 41
67 121
67 29
67 120
67 49
67 46
67 37
67 97
67 28
67 66
67 39
67 58
67 14
67 77
67 5
67 41
67 96
67 47
67 105
67 109
67 60
67 30
67 47
67 74
67 61
68 97
68 37
68 14
68 51
68 25
68 64
68 126
68 125
68 51
68 28
68 22
68 95
68 32
68 36
68 28
68 78
68 63
68 19
68 38
68 66
68 70
68 69
68 55
68 123
68 96
68 20
68 62
68 93
68 1
68 76
68 4
68 75
68 2
68 51
68 68
68 117
68 112
68 23
68 60
68 6
68 75
68 77
68 43
68 31
68 17
68 27
68 24
68 2
68 4
68 120
68 95
68 124
68 118
68 56
68 77
68 77
68 16
68 101
68 123
69 18
69 97
69 67
69 24
69 119
69 38
69 78
69 40
69 34
69 55
69 80
69 40
69 7
69 66
69 92
69 112
69 73
69 88
69 103
69 46
69 17
69 51
69 35
69 114
69 58
69 127
69 55
69 25
69 47
69 104
69 33
69 67
69 12
69 62
69 42
69 53
69 98
69 7
69 68
69 61
69 31
69 67
69 123
69 92
69 114
69 27
69 120
69 6
69 76
69 22
69 60
69 112
69 68
69 32
69 90
69 29
69 8
69 34
69 76
69 102
69 109
70 32
70 27
70 15
70 56
70 70
70 9
70 23
70 88
70 78
70 107
70 80
70 107
70 10
70 92
70 40
70 76
70 26
70 22
70 5
70 36
70 70
70 26
70 66
70 61
70 108
70 59
70 3
70 41
70 5
70 104
70 95
70 27
70 50
70 115
70 91
70 72
70 115
70 75
70 56
70 19
70 76
70 20
70 71
70 51
70 120
70 45
70 48
70 89
70 67
70 105
70 54
70 50
70 104
70 43
70 69
70 102
70 107
70 99
70 118
71 11
71 11
71 93
71 42
71 41
71 41
71 38
71 10
71 119
71 79
71 9
71 54
71 78
71 46
71 107
71 59
71 123
71 7
71 103
71 75
71 90
71 28
71 63
71 17
71 115
71 95
71 90
71 115
71 99
71 99
71 36
71 53
71 71
71 66
71 2
71 36
71 69
71 33
71 11
71 72
71 7
71 67
71 108
71 112
71 48
71 95
71 107
71 83
71 105
71 75
71 10
71 126
71 22
71 53
71 120
71 41
71 6
71 37
71 110
71 53
72 42
72 78
72 106
72 112
72 117
72 35
72 46
72 73
72 115
72 4
72 110
72 72
72 60
72 113
72 76
72 126
72 106
72 101
72 25
72 7
72 9
72 103
72 118
72 115
72 13
72 32
72 28
72 27
72 72
72 115
72 27
72 42
72 117
72 102
72 105
72 80
72 90
72 57
72 30
72 93
72 14
72 36
72 19
72 40
72 73
72 87
72 25
72 45
72 72
72 88
72 47
72 16
72 14
72 45
72 88
72 41
72 115
72 62
72 29
72 105
73 67
73 33
73 103
73 3
73 113
73 108
73 122
73 32
73 13
73 76
73 108
73 22
73 113
73 30
73 42
73 11
73 44
73 95
73 7
73 56
73 42
73 78
73 13
73 65
73 116
73 100
73 93
73 27
73 57
73 6
73 103
73 125
73 42
73 65
73 7
73 114
73 90
73 118
73 71
73 13
73 46
73 4
73 124
73 37
73 2
73 32
73 29
73 120
73 118
73 47
73 25
73 28
73 91
73 45
73 46
73 78
73 26
73 30
73 79
73 44
73 58
74 41
74 116
74 34
74 78
74 114
74 60
74 90
74 54
74 81
74 18
74 106
74 78
74 73
74 97
74 26
74 67
74 68
74 41
74 28
74 48
74 103
74 59
74 22
74 96
74 66
74 8
74 2
74 99
74 85
74 54
74 65
74 44
74 41
74 38
74 122
74 81
74 42
74 3
74 102
74 44
74 42
74 124
74 48
74 116
74 105
74 87
74 34
74 74
74 97
74 33
74 74
74 119
74 40
74 99
74 82
74 83
74 116
74 62
74 77
74 12
74 65
74 9
75 37
75 48
75 37
75 93
75 38
75 52
75 89
75 70
75 38
75 69
75 78
75 46
75 5
75 47
75 92
75 74
75 120
75 82
75 18
75 112
75 50
75 91
75 75
75 11
75 108
75 88
75 71
75 70
75 43
75 67
75 82
75 58
75 47
75 19
75 37
75 109
75 86
75 79
75 110
75 97
75 4
75 60
75 61
75 64
75 127
75 66
75 99
75 23
75 110
75 32
75 43
75 112
75 107
75 116
75 108
75 47
75 11
75 62
76 15
76 75
76 90
76 58
76 59
76 20
76 19
76 51
76 23
76 77
76 31
76 112
76 116
76 45
76 57
76 35
76 91
76 72
76 31
76 25
76 25
76 6
76 32
76 121
76 113
76 33
76 38
76 19
76 74
76 80
76 28
76 87
76 15
76 91
76 105
76 103
76 28
76 34
76 81
76 112
76 91
76 52
76 9
76 17
76 112
76 101
76 11
76 6
76 88
76 52
76 9
76 66
76 26
76 44
76 85
76 71
76 123
76 18
76 70
76 126
76 77
76 74
77 109
77 125
77 23
77 102
77 37
77 29
77 62
77 51
77 98
77 22
77 86
77 73
77 38
77 30
77 38
77 48
77 107
77 123
77 23
77 80
77 65
77 39
77 34
77 4
77 2
77 15
77 124
77 62
77 105
77 57
77 57
77 47
77 75
77 79
77 71
77 13
77 30
77 93
77 62
77 50
77 97
77 34
77 16
77 62
77 44
77 98
77 38
77 31
77 9
77 87
77 116
77 62
77 21
77 42
77 120
77 33
77 7
77 95
78 18
78 18
78 107
78 84
78 21
78 1
78 2
78 42
78 101
78 72
78 117
78 111
78 124
78 91
78 91
78 19
78 107
78 87
78 60
78 110
78 31
78 16
78 89
78 95
78 63
78 71
78 72
78 96
78 17
78 56
78 95
78 86
78 48
78 97
78 120
78 94
78 107
78 52
78 26
78 20
78 58
78 95
78 102
78 18
78 115
78 71
78 112
78 50
78 91
78 88
78 115
78 118
78 1
78 125
78 67
78 86
78 107
78 8
78 13
78 100
79 80
79 88
79 62
79 50
79 84
79 87
79 79
79 16
79 62
79 26
79 104
79 44
79 44
79 73
79 86
79 75
79 13
79 106
79 22
79 13
79 37
79 57
79 83
79 93
79 127
79 36
79 79
79 96
79 103
79 118
79 16
79 87
79 59
79 61
79 90
79 79
79 118
79 70
79 62
79 118
79 86
79 112
79 115
79 54
79 74
79 26
79 30
79 119
79 81
79 33
79 78
79 40
79 23
79 104
79 65
79 10
79 97
79 52
79 19
79 56
80 57
80 18
80 106
80 66
80 108
80 111
80 118
80 99
80 93
80 123
80 41
80 57
80 47
80 122
80 57
80 14
80 86
80 48
80 52
80 82
80 46
80 26
80 43
80 48
80 19
80 99
80 92
80 42
80 120
80 33
80 122
80 110
80 34
80 101
80 15
80 100
80 46
80 122
80 88
80 56
80 39
80 49
80 117
80 2
80 126
80 112
80 87
80 125
80 63
80 38
80 92
80 79
80 94
80 42
80 115
80 17
80 4
80 94
80 87
80 26
81 34
81 75
81 127
81 100
81 14
81 66
81 13
81 48
81 35
81 116
81 115
81 22
81 15
81 8
81 48
81 87
81 62
81 72
81 122
81 1
81 121
81 94
81 48
81 35
81 116
81 83
81 122
81 31
81 100
81 21
81 28
81 123
81 101
81 105
81 78
81 39
81 58
81 19
81 108
81 113
81 5
81 18
81 119
81 54
81 118
81 60
81 87
81 55
81 2
81 7
81 38
81 47
81 120
81 29
81 58
81 110
81 100
81 98
81 6
82 40
82 85
82 4
82 5
82 66
82 59
82 50
82 50
82 43
82 91
82 76
82 51
82 37
82 21
82 107
82 2
82 49
82 17
82 11
82 96
82 80
82 94
82 42
82 26
82 57
82 83
82 75
82 18
82 69
82 33
82 112
82 19
82 105
82 106
82 116
82 32
82 39
82 25
82 16
82 71
82 42
82 18
82 2
82 53
82 73
82 60
82 115
82 1
82 25
82 91
82 84
82 16
82 97
82 8
82 83
82 27
82 122
82 23
82 15
82 121
82 53
82 81
82 47
83 76
83 92
83 22
83 13
83 28
83 22
83 61
83 24
83 16
83 55
83 32
83 61
83 96
83 46
83 70
83 93
83 17
83 34
83 51
83 31
83 69
83 26
83 109
83 27
83 85
83 24
83 6
83 10
83 44
83 31
83 98
83 52
83 56
83 7
83 3
83 94
83 96
83 52
83 67
83 52
83 108
83 86
83 90
83 70
83 70
83 105
83 28
83 14
83 43
83 1
83 73
83 109
83 14
83 61
83 51
83 104
83 76
84 125
84 117
84 114
84 63
84 35
84 104
84 43
84 50
84 126
84 34
84 13
84 72
84 115
84 46
84 41
84 39
84 99
84 47
84 118
84 45
84 4
84 87
84 71
84 104
84 50
84 55
84 68
84 72
84 16
84 72
84 28
84 88
84 61
84 22
84 32
84 26
84 24
84 109
84 100
84 87
84 56
84 104
84 48
84 26
84 31
84 65
84 65
84 15
84 69
84 42
84 37
84 67
84 9
84 15
84 33
84 111
84 105
84 101
84 113
84 24
84 30
85 2
85 56
85 71
85 116
85 101
85 6
85 11
85 102
85 42
85 93
85 111
85 23
85 113
85 92
85 44
85 112
85 80
85 123
85 6
85 62
85 23
85 55
85 46
85 58
85 122
85 56
85 81
85 95
85 51
85 122
85 2
85 84
85 58
85 124
85 89
85 50
85 47
85 82
85 77
85 63
85 1
85 111
85 40
85 31
85 46
85 104
85 37
85 60
85 92
85 44
85 76
85 16
85 119
85 83
85 14
85 105
85 45
85 98
85 109
85 7
85 9
86 59
86 60
86 75
86 84
86 91
86 26
86 98
86 41
86 92
86 19
86 65
86 126
86 3
86 113
86 63
86 26
86 91
86 53
86 38
86 94
86 37
86 21
86 32
86 42
86 79
86 95
86 58
86 92
86 89
86 26
86 60
86 59
86 16
86 115
86 94
86 49
86 123
86 40
86 34
86 38
86 70
86 4
86 66
86 36
86 72
86 103
86 36
86 64
86 57
86 27
86 21
86 85
86 60
86 24
86 12
86 68
86 66
86 47
86 65
87 96
87 127
87 89
87 14
87 2
87 67
87 13
87 16
87 126
87 64
87 9
87 27
87 30
87 46
87 18
87 28
87 93
87 23
87 92
87 20
87 99
87 118
87 58
87 51
87 14
87 53
87 114
87 22
87 98
87 116
87 46
87 101
87 16
87 109
87 21
87 74
87 74
87 24
87 82
87 99
87 58
87 16
87 21
87 39
87 59
87 127
87 115
87 27
87 103
87 101
87 22
87 20
87 8
87 66
87 84
87 87
87 44
87 93
87 120
87 40
87 42
88 71
88 127
88 64
88 107
88 74
88 86
88 34
88 76
88 122
88 71
88 84
88 72
88 85
88 93
88 2
88 34
88 9
88 95
88 41
88 6
88 58
88 51
88 90
88 69
88 119
88 84
88 61
88 66
88 46
88 42
88 121
88 24
88 104
88 23
88 99
88 105
88 101
88 93
88 31
88 112
88 17
88 5
88 36
88 4
88 3
88 31
88 99
88 2
88 71
88 7
88 55
88 73
88 57
88 80
88 118
88 72
88 17
88 109
88 3
88 46
89 76
89 1
89 66
89 83
89 4
89 8
89 127
89 119
89 13
89 58
89 111
89 124
89 37
89 76
89 122
89 69
89 16
89 24
89 107
89 4
89 78
89 37
89 88
89 41
89 120
89 116
89 42
89 24
89 88
89 98
89 100
89 20
89 88
89 68
89 30
89 5
89 64
89 88
89 29
89 66
89 18
89 18
89 101
89 45
89 121
89 32
89 6
89 96
89 121
89 66
89 8
89 74
89 18
89 83
89 95
89 102
89 82
89 45
90 33
90 63
90 127
90 116
90 112
90 87
90 118
90 20
90 41
90 99
90 3
90 38
90 61
90 44
90 75
90 78
90 99
90 55
90 20
90 27
90 104
90 62
90 85
90 19
90 118
90 32
90 114
90 113
90 11
90 25
90 85
90 46
90 74
90 110
90 53
90 39
90 55
90 31
90 113
90 30
90 70
90 87
90 36
90 25
90 71
90 31
90 66
90 108
90 8
90 50
90 56
90 11
90 44
90 56
90 87
90 2
90 71
90 9
90 69
90 54
91 98
91 5
91 127
91 40
91 45
91 53
91 62
91 52
91 125
91 26
91 78
91 54
91 86
91 61
91 121
91 112
91 37
91 13
91 90
91 4
91 117
91 96
91 97
91 86
91 19
91 101
91 33
91 63
91 46
91 47
91 39
91 8
91 65
91 76
91 93
91 29
91 51
91 10
91 96
91 41
91 66
91 84
91 30
91 5
91 120
91 15
91 38
91 30
91 62
91 21
91 21
91 20
91 121
91 84
91 57
91 28
91 18
91 94
91 29
91 14
92 1
92 43
92 42
92 94
92 8
92 3
92 25
92 78
92 108
92 115
92 8
92 78
92 9
92 51
92 90
92 46
92 54
92 32
92 48
92 18
92 63
92 26
92 56
92 123
92 12
92 101
92 47
92 79
92 5
92 45
92 2
92 45
92 109
92 47
92 30
92 111
92 9
92 31
92 119
92 22
92 34
92 60
92 44
92 78
92 89
92 77
92 29
92 71
92 126
92 41
92 94
92 126
92 29
92 50
92 117
92 11
92 122
92 53
92 115
92 45
93 80
93 88
93 77
93 14
93 60
93 62
93 67
93 112
93 93
93 12
93 75
93 118
93 23
93 34
93 79
93 33
93 52
93 112
93 110
93 24
93 67
93 10
93 80
93 60
93 120
93 45
93 96
93 72
93 118
93 110
93 109
93 56
93 25
93 62
93 29
93 109
93 5
93 55
93 94
93 82
93 42
93 20
93 78
93 42
93 123
93 17
93 100
93 7
93 23
93 75
93 9
93 19
93 110
93 88
93 54
93 89
93 101
93 111
93 28
93 53
93 88
94 95
94 2
94 109
94 91
94 57
94 114
94 41
94 122
94 91
94 53
94 65
94 90
94 61
94 57
94 67
94 65
94 49
94 107
94 43
94 27
94 114
94 62
94 97
94 29
94 115
94 58
94 49
94 19
94 103
94 22
94 91
94 114
94 60
94 60
94 2
94 17
94 31
94 65
94 70
94 27
94 99
94 109
94 70
94 112
94 78
94 99
94 96
94 26
94 86
94 40
94 112
94 72
94 67
94 93
94 5
94 68
94 76
94 91
94 48
95 81
95 91
95 96
95 48
95 86
95 68
95 72
95 11
95 60
95 74
95 118
95 86
95 35
95 70
95 14
95 116
95 92
95 66
95 114
95 125
95 9
95 7
95 82
95 78
95 11
95 23
95 13
95 17
95 18
95 60
95 123
95 113
95 118
95 48
95 58
95 27
95 50
95 70
95 117
95 126
95 57
95 126
95 69
95 66
95 106
95 82
95 45
95 16
95 25
95 13
95 106
95 59
95 36
95 36
95 18
95 50
95 4
95 102
95 5
95 111
95 50
95 72
96 96
96 122
96 80
96 14
96 110
96 105
96 126
96 68
96 121
96 13
96 49
96 20
96 76
96 26
96 38
96 116
96 42
96 57
96 77
96 88
96 44
96 16
96 106
96 41
96 124
96 126
96 96
96 29
96 77
96 108
96 107
96 125
96 14
96 1
96 97
96 115
96 82
96 16
96 11
96 15
96 42
96 73
96 111
96 31
96 5
96 1
96 74
96 104
96 16
96 59
96 75
96 22
96 87
96 90
96 107
96 98
96 110
96 81
97 37
97 59
97 28
97 8
97 31
97 93
97 118
97 49
97 113
97 24
97 73
97 126
97 52
97 95
97 59
97 15
97 37
97 104
97 5
97 104
97 13
97 115
97 107
97 93
97 31
97 26
97 79
97 116
97 96
97 75
97 99
97 66
97 10
97 64
97 45
97 6
97 111
97 66
97 125
97 86
97 48
97 67
97 104
97 100
97 57
97 100
97 125
97 72
97 62
97 62
97 112
97 61
97 66
97 38
97 117
97 19
97 49
97 88
97 93
97 10
97 63
98 52
98 88
98 58
98 37
98 80
98 82
98 65
98 75
98 16
98 10
98 80
98 123
98 63
98 97
98 28
98 85
98 72
98 101
98 77
98 81
98 72
98 76
98 102
98 80
98 126
98 117
98 9
98 24
98 121
98 61
98 80
98 21
98 31
98 9
98 18
98 47
98 16
98 35
98 27
98 60
98 100
98 106
98 5
98 17
98 12
98 127
98 41
98 25
98 107
98 86
98 29
98 52
98 9
98 38
98 36
98 5
98 15
98 69
98 8
98 106
99 14
99 47
99 72
99 27
99 86
99 13
99 99
99 88
99 47
99 115
99 121
99 101
99 52
99 66
99 117
99 123
99 52
99 42
99 1
99 64
99 23
99 53
99 49
99 114
99 53
99 53
99 81
99 70
99 25
99 115
99 93
99 65
99 16
99 63
99 66
99 94
99 38
99 65
99 58
99 92
99 88
99 50
99 48
99 4
99 105
99 85
99 75
99 32
99 127
99 91
99 27
99 57
99 126
99 30
99 27
99 82
99 88
99 13
99 118
99 72
100 112
100 9
100 91
100 7
100 65
100 122
100 56
100 65
100 17
100 72
100 33
100 69
100 55
100 81
100 24
100 80
100 27
100 63
100 87
100 111
100 127
100 88
100 109
100 106
100 67
100 19
100 46
100 74
100 124
100 35
100 93
100 113
100 32
100 122
100 102
100 21
100 41
100 23
100 80
100 97
100 67
100 99
100 69
100 3
100 113
100 33
100 109
100 57
100 31
100 114
100 19
100 72
100 68
100 27
100 24
100 96
100 35
100 107
100 3
100 126
100 52
100 76
101 26
101 12
101 43
101 1
101 36
101 95
101 39
101 75
101 17
101 80
101 85
101 118
101 6
101 111
101 26
101 22
101 51
101 78
101 58
101 19
101 11
101 120
101 77
101 55
101 2
101 66
101 8
101 64
101 49
101 93
101 95
101 4
101 84
101 26
101 95
101 114
101 96
101 54
101 13
101 15
101 28
101 107
101 115
101 42
101 120
101 76
101 39
101 18
101 52
101 28
101 107
101 104
101 111
101 57
101 62
101 81
101 47
102 10
102 93
102 43
102 35
102 123
102 122
102 13
102 98
102 28
102 94
102 67
102 114
102 32
102 110
102 54
102 73
102 5
102 76
102 111
102 38
102 123
102 124
102 83
102 76
102 39
102 89
102 103
102 22
102 101
102 80
102 71
102 71
102 6
102 27
102 35
102 112
102 2
102 43
102 22
102 70
102 77
102 115
102 123
102 13
102 48
102 25
102 21
102 38
102 66
102 73
102 92
102 41
102 24
102 124
102 123
102 13
102 21
102 77
102 106
102 52
102 86
102 2
103 107
103 23
103 66
103 17
103 75
103 48
103 96
103 89
103 7
103 75
103 18
103 78
103 56
103 49
103 56
103 41
103 44
103 23
103 106
103 52
103 124
103 53
103 63
103 99
103 46
103 78
103 86
103 66
103 79
103 44
103 41
103 95
103 125
103 23
103 45
103 60
103 4
103 123
103 66
103 80
103 49
103 100
103 54
103 115
103 115
103 119
103 16
103 12
103 114
103 38
103 65
103 109
103 1
103 53
103 126
103 99
103 54
103 3
103 15
104 76
104 58
104 95
104 69
104 48
104 28
104 121
104 61
104 101
104 53
104 99
104 12
104 114
104 121
104 2
104 44
104 17
104 60
104 84
104 17
104 83
104 108
104 83
104 114
104 2
104 35
104 33
104 110
104 119
104 30
104 4
104 71
104 98
104 12
104 21
104 69
104 82
104 100
104 45
104 15
104 29
104 87
104 86
104 103
104 4
104 70
104 40
104 23
104 23
104 67
104 72
104 96
104 125
104 102
104 68
104 108
104 15
104 106
104 105
104 65
104 103
105 57
105 30
105 13
105 32
105 20
105 4
105 83
105 102
105 9
105 53
105 126
105 14
105 120
105 15
105 84
105 24
105 68
105 46
105 17
105 17
105 98
105 34
105 59
105 15
105 87
105 98
105 60
105 80
105 46
105 19
105 112
105 95
105 79
105 46
105 100
105 56
105 104
105 114
105 31
105 17
105 42
105 27
105 117
105 64
105 105
105 30
105 95
105 59
105 16
105 86
105 44
105 102
105 27
105 36
105 40
105 92
105 26
105 110
106 110
106 125
106 89
106 39
106 15
106 91
106 117
106 72
106 91
106 116
106 7
106 35
106 27
106 10
106 63
106 48
106 44
106 65
106 46
106 68
106 8
106 121
106 13
106 98
106 55
106 106
106 95
106 126
106 43
106 30
106 51
106 39
106 46
106 103
106 61
106 122
106 91
106 58
106 29
106 123
106 44
106 79
106 32
106 78
106 28
106 44
106 10
106 20
106 79
106 35
106 101
106 119
106 73
106 2
106 87
106 20
106 42
106 84
106 47
106 47
106 63
107 116
107 38
107 98
107 124
107 64
107 52
107 101
107 121
107 87
107 51
107 64
107 43
107 126
107 13
107 12
107 47
107 82
107 95
107 97
107 44
107 90
107 56
107 51
107 121
107 86
107 33
107 48
107 108
107 57
107 109
107 87
107 107
107 121
107 109
107 105
107 40
107 101
107 54
107 126
107 35
107 95
107 74
107 2
107 51
107 16
107 26
107 10
107 51
107 53
107 77
107 96
107 97
107 6
107 123
107 15
107 91
107 44
107 55
107 106
107 100
107 47
108 12
108 55
108 18
108 65
108 90
108 23
108 95
108 24
108 117
108 60
108 118
108 123
108 12
108 110
108 12
108 97
108 90
108 88
108 28
108 55
108 109
108 39
108 35
108 91
108 29
108 71
108 8
108 39
108 17
108 11
108 42
108 61
108 50
108 88
108 72
108 76
108 44
108 70
108 79
108 74
108 47
108 23
108 94
108 49
108 99
108 40
108 77
108 120
108 85
108 79
108 2
108 126
108 10
108 123
108 61
108 110
108 2
108 95
108 40
108 127
109 49
109 74
109 11
109 5
109 13
109 70
109 27
109 2
109 70
109 97
109 115
109 81
109 28
109 3
109 43
109 40
109 117
109 81
109 57
109 125
109 103
109 14
109 29
109 4
109 47
109 46
109 12
109 94
109 126
109 24
109 69
109 92
109 17
109 48
109 117
109 1
109 36
109 27
109 92
109 38
109 5
109 10
109 112
109 76
109 86
109 71
109 98
109 24
109 118
109 73
109 89
109 109
109 124
109 14
109 77
109 120
109 114
109 30
109 6
110 8
110 11
110 60
110 38
110 38
110 42
110 33
110 113
110 8
110 86
110 91
110 69
110 8
110 86
110 73
110 86
110 58
110 10
110 89
110 33
110 22
110 27
110 6
110 120
110 63
110 11
110 23
110 47
110 75
110 99
110 104
110 81
110 71
110 85
110 7
110 37
110 100
110 27
110 103
110 2
110 39
110 120
110 67
110 67
110 93
110 76
110 115
110 36
110 29
110 67
110 110
110 52
110 42
110 36
110 5
110 110
110 3
110 51
110 116
111 53
111 110
111 127
111 60
111 17
111 34
111 99
111 37
111 51
111 18
111 22
111 48
111 110
111 120
111 103
111 55
111 30
111 43
111 67
111 54
111 2
111 114
111 77
111 62
111 87
111 57
111 39
111 36
111 22
111 22
111 98
111 95
111 127
111 44
111 10
111 105
111 55
111 100
111 30
111 59
111 115
111 116
111 41
111 78
111 79
111 98
111 109
111 47
111 80
111 82
111 48
111 120
111 15
111 16
111 90
111 36
111 32
111 4
111 114
111 99
111 72
111 28
112 35
112 22
112 100
112 73
112 19
112 74
112 51
112 39
112 86
112 117
112 77
112 96
112 10
112 59
112 83
112 71
112 83
112 52
112 80
112 26
112 59
112 62
112 76
112 101
112 34
112 62
112 33
112 13
112 76
112 81
112 100
112 103
112 98
112 40
112 68
112 59
112 13
112 123
112 26
112 69
112 77
112 54
112 6
112 27
112 102
112 35
112 45
112 123
112 16
112 34
112 31
112 59
112 96
112 53
112 30
112 11
112 1
112 19
112 106
113 21
113 100
113 24
113 15
113 122
113 10
113 53
113 73
113 118
113 76
113 76
113 73
113 81
113 46
113 7
113 75
113 96
113 115
113 31
113 15
113 67
113 56
113 84
113 83
113 63
113 17
113 2
113 4
113 115
113 68
113 44
113 7
113 99
113 69
113 86
113 26
113 57
113 17
113 30
113 50
113 10
113 101
113 3
113 44
113 54
113 18
113 29
113 83
113 24
113 67
113 123
113 105
113 15
113 28
113 85
113 20
113 107
113 16
113 90
114 87
114 97
114 111
114 22
114 9
114 47
114 98
114 52
114 54
114 63
114 94
114 95
114 125
114 9
114 66
114 107
114 92
114 108
114 111
114 48
114 92
114 105
114 71
114 14
114 69
114 101
114 29
114 30
114 76
114 106
114 19
114 23
114 72
114 39
114 65
114 112
114 60
114 101
114 45
114 45
114 84
114 43
114 75
114 36
114 101
114 76
114 53
114 43
114 123
114 46
114 66
114 91
114 54
114 17
114 34
114 100
114 22
114 93
114 105
114 86
115 54
115 37
115 39
115 85
115 28
115 90
115 106
115 98
115 23
115 11
115 3
115 15
115 24
115 108
115 33
115 69
115 114
115 79
115 64
115 21
115 35
115 31
115 111
115 36
115 17
115 46
115 68
115 116
115 27
115 114
115 109
115 103
115 55
115 59
115 117
115 21
115 25
115 64
115 15
115 57
115 108
115 82
115 90
115 8
115 126
115 39
115 5
115 79
115 115
115 49
115 120
115 55
115 121
115 81
115 3
115 23
115 52
115 107
115 91
115 106
116 21
116 72
116 52
116 92
116 41
116 19
116 51
116 119
116 67
116 103
116 80
116 57
116 18
116 81
116 58
116 42
116 54
116 9
116 41
116 51
116 93
116 4
116 87
116 87
116 13
116 3
116 12
116 50
116 79
116 103
116 96
116 58
116 110
116 61
116 105
116 113
116 15
116 124
116 88
116 35
116 27
116 28
116 4
116 70
116 33
116 57
116 40
116 45
116 103
116 58
116 60
116 27
116 77
116 76
116 29
116 85
116 40
116 122
116 23
116 69
117 73
117 16
117 59
117 7
117 120
117 51
117 77
117 110
117 83
117 99
117 2
117 127
117 95
117 125
117 57
117 86
117 78
117 110
117 19
117 74
117 16
117 42
117 126
117 24
117 99
117 39
117 84
117 62
117 106
117 35
117 21
117 75
117 56
117 9
117 116
117 66
117 65
117 42
117 31
117 63
117 10
117 94
117 10
117 20
117 117
117 100
117 11
117 108
117 125
117 43
117 37
117 116
117 30
117 127
117 113
117 2
117 87
117 123
117 76
117 105
117 72
117 27
117 52
117 14
117 101
117 25
118 95
118 3
118 116
118 114
118 30
118 88
118 116
118 126
118 82
118 113
118 28
118 33
118 92
118 36
118 92
118 64
118 88
118 80
118 61
118 65
118 102
118 77
118 105
118 52
118 119
118 2
118 65
118 93
118 103
118 126
118 87
118 45
118 90
118 118
118 12
118 56
118 109
118 119
118 98
118 79
118 113
118 52
118 54
118 1
118 2
118 112
118 3
118 54
118 91
118 105
118 89
118 118
118 8
118 107
118 83
119 26
119 48
119 35
119 121
119 96
119 8
119 35
119 55
119 110
119 77
119 75
119 126
119 41
119 42
119 47
119 24
119 82
119 10
119 92
119 76
119 118
119 80
119 21
119 7
119 53
119 106
119 65
119 104
119 114
119 28
119 103
119 38
119 47
119 109
119 15
119 62
119 26
119 117
119 23
119 65
119 118
119 95
119 87
119 9
119 87
119 5
119 47
119 106
119 66
119 24
119 58
119 25
119 111
119 107
119 8
119 125
119 76
119 52
119 97
120 125
120 102
120 65
120 69
120 30
120 92
120 5
120 73
120 74
120 45
120 60
120 103
120 60
120 11
120 30
120 96
120 70
120 109
120 70
120 118
120 2
120 62
120 40
120 41
120 77
120 5
120 103
120 85
120 59
120 88
120 127
120 102
120 110
120 107
120 32
120 5
120 57
120 30
120 125
120 18
120 89
120 94
120 38
120 116
120 98
120 76
120 70
120 93
120 63
120 34
120 55
120 35
120 30
120 83
120 65
120 17
120 5
120 60
120 101
120 82
120 18
121 115
121 30
121 2
121 16
121 40
121 124
121 65
121 21
121 7
121 112
121 25
121 50
121 121
121 14
121 18
121 33
121 99
121 92
121 70
121 125
121 95
121 112
121 72
121 110
121 83
121 33
121 42
121 39
121 54
121 1
121 60
121 52
121 119
121 1
121 100
121 63
121 106
121 115
121 51
121 88
121 62
121 96
121 89
121 121
121 58
121 80
121 9
121 18
121 93
121 119
121 34
121 25
121 91
121 51
121 96
121 111
121 9
121 91
121 47
121 32
122 99
122 67
122 86
122 76
122 104
122 74
122 40
122 51
122 110
122 34
122 79
122 74
122 95
122 27
122 19
122 17
122 76
122 69
122 15
122 107
122 78
122 24
122 82
122 54
122 113
122 84
122 80
122 25
122 61
122 64
122 1
122 10
122 38
122 13
122 125
122 102
122 14
122 79
122 41
122 58
122 93
122 107
122 64
122 107
122 118
122 19
122 89
122 80
122 108
122 30
122 47
122 118
122 25
122 74
122 60
122 39
122 85
122 74
122 61
123 65
123 97
123 74
123 24
123 102
123 45
123 36
123 95
123 24
123 51
123 124
123 51
123 120
123 105
123 1
123 92
123 17
123 35
123 101
123 66
123 78
123 3
123 44
123 10
123 67
123 86
123 36
123 102
123 105
123 104
123 102
123 12
123 93
123 59
123 33
123 33
123 121
123 4
123 17
123 127
123 113
123 64
123 11
123 92
123 98
123 22
123 51
123 34
123 93
123 61
123 57
123 54
123 111
123 33
123 93
123 89
123 84
123 98
123 64
123 90
124 77
124 52
124 106
124 87
124 6
124 84
124 20
124 90
124 37
124 14
124 120
124 13
124 48
124 106
124 74
124 114
124 64
124 14
124 95
124 51
124 113
124 126
124 40
124 116
124 96
124 98
124 54
124 67
124 40
124 78
124 94
124 114
124 120
124 94
124 6
124 116
124 125
124 55
124 74
124 45
124 11
124 107
124 120
124 30
124 41
124 74
124 1
124 114
124 19
124 91
124 38
124 118
124 33
124 33
124 77
124 31
124 37
124 16
124 28
124 3
125 84
125 117
125 119
125 37
125 62
125 83
125 123
125 45
125 29
125 45
125 100
125 88
125 56
125 86
125 76
125 75
125 65
125 84
125 25
125 112
125 105
125 21
125 12
125 2
125 62
125 4
125 49
125 90
125 78
125 17
125 109
125 52
125 116
125 20
125 22
125 24
125 43
125 25
125 10
125 92
125 50
125 119
125 46
125 45
125 106
125 49
125 125
125 6
125 103
125 94
125 82
125 119
125 97
125 47
125 110
125 34
125 70
125 117
125 75
125 108
125 35
126 63
126 42
126 104
126 110
126 114
126 119
126 109
126 5
126 97
126 73
126 35
126 123
126 116
126 73
126 106
126 58
126 46
126 51
126 115
126 17
126 64
126 69
126 109
126 21
126 94
126 17
126 49
126 58
126 30
126 110
126 3
126 91
126 127
126 74
126 6
126 7
126 44
126 108
126 104
126 44
126 66
126 43
126 117
126 88
126 75
126 48
126 99
126 54
126 105
126 12
126 52
126 55
126 98
126 45
126 56
126 96
126 74
126 46
126 43
127 15
127 78
127 50
127 88
127 77
127 98
127 79
127 74
127 3
127 37
127 13
127 9
127 88
127 121
127 57
127 47
127 49
127 67
127 69
127 70
127 56
127 47
127 80
127 6
127 76
127 111
127 89
127 44
127 110
127 114
127 113
127 10
127 54
127 124
127 24