2 11
2 109
2 66
2 43
3 44
3 60
5 78
5 106
5 89
5 50
5 82
5 56
5 81
5 30
5 81
5 118
5 36
5 83
5 87
5 116
5 28
5 58
5 62
5 46
5 9
5 83
5 18
5 126
5 43
5 93
5 13
5 41
5 73
5 60
5 97
5 72
5 10
5 118
5 106
5 68
5 59
5 58
5 4
5 18
5 22
5 34
5 50
5 90
5 30
5 26
5 8
5 51
5 123
5 52
5 38
5 32
5 83
5 87
5 36
5 36
5 18
5 116
5 23
5 81
5 122
6 60
6 64
6 96
6 34
6 91
6 76
6 73
6 94
6 43
6 22
6 122
6 33
6 127
6 48
6 7
6 98
6 103
6 95
6 68
6 107
6 85
6 114
6 63
6 28
6 62
6 112
6 110
6 20
6 92
6 6
6 34
6 65
6 65
6 45
6 4
6 45
6 98
6 54
6 3
6 65
6 110
6 72
6 61
6 27
6 9
6 57
6 73
6 34
6 78
6 103
6 15
6 44
6 37
6 79
6 67
6 24
6 47
7 48
7 15
7 39
7 52
7 39
7 126
7 48
7 124
7 88
7 79
7 77
7 87
7 109
7 20
7 62
7 18
7 89
7 63
7 103
7 107
7 62
7 118
7 96
7 84
7 118
7 87
7 108
7 78
7 7
7 100
7 4
7 106
7 38
7 18
7 7
7 1
7 93
7 109
7 7
7 126
7 86
7 109
7 36
7 71
7 32
7 65
7 30
7 97
7 122
7 23
7 114
7 8
7 6
7 18
7 23
7 110
7 89
7 29
7 104
7 9
8 74
8 56
8 77
8 35
8 39
8 34
8 62
8 1
8 51
8 126
8 54
8 127
8 33
8 107
8 21
8 98
8 10
8 69
8 35
8 107
8 47
8 72
8 48
8 54
8 126
8 54
8 27
8 52
8 100
8 69
8 45
8 111
8 4
8 93
8 55
8 86
8 60
8 83
8 67
8 80
8 25
8 89
8 68
8 4
8 64
8 36
8 80
8 39
8 73
8 102
8 53
8 1
8 37
8 56
8 35
8 46
8 18
8 31
8 58
8 42
8 90
8 94
9 12
9 42
9 109
9 29
9 81
9 48
9 119
9 15
9 80
9 63
9 12
9 59
9 94
9 48
9 88
9 31
9 124
9 68
9 12
9 36
9 37
9 108
9 42
9 28
9 24
9 2
9 84
9 28
9 25
9 107
9 20
9 33
9 75
9 95
9 78
9 114
9 38
9 37
9 56
9 126
9 22
9 44
9 90
9 18
9 48
9 68
9 35
9 22
9 48
9 54
9 44
9 99
9 69
9 101
9 18
9 19
9 101
9 63
9 77
10 103
10 126
10 127
10 124
10 9
10 4
10 113
10 113
10 93
10 120
10 3
10 18
10 106
10 9
10 35
10 46
10 88
10 78
10 5
10 127
10 41
10 74
10 81
10 16
10 113
10 91
10 44
10 10
10 49
10 37
10 43
10 5
10 51
10 35
10 31
10 10
10 111
10 46
10 93
10 125
10 65
10 121
10 56
10 53
10 125
10 61
10 49
10 36
10 115
10 90
10 55
10 123
10 85
10 125
10 123
10 68
10 38
10 92
10 26
11 74
11 116
11 63
11 48
11 23
11 16
11 96
11 28
11 127
11 127
11 92
11 109
11 127
11 15
11 48
11 62
11 120
11 110
11 9
11 82
11 116
11 95
11 77
11 32
11 23
11 42
11 92
11 26
11 63
11 41
11 116
11 38
11 39
11 10
11 32
11 67
11 2
11 24
11 86
11 88
11 87
11 105
11 4
11 74
11 48
11 17
11 95
11 118
11 28
11 9
11 39
11 78
11 60
11 29
11 86
11 82
11 56
11 66
11 13
11 14
11 78
12 78
12 10
12 23
12 90
12 106
12 93
12 88
12 73
12 90
12 81
12 10
12 111
12 44
12 17
12 80
12 59
12 67
12 67
12 98
12 109
12 114
12 45
12 74
12 44
12 123
12 61
12 64
12 91
12 19
12 65
12 121
12 3
12 59
12 79
12 6
12 99
12 114
12 55
12 94
12 86
12 4
12 3
12 99
12 113
12 39
12 14
12 16
12 20
12 37
12 121
12 126
12 55
12 81
12 71
12 29
12 48
12 26
12 7
12 35
13 61
13 64
13 27
13 35
13 72
13 47
13 70
13 38
13 57
13 65
13 46
13 103
13 106
13 66
13 69
13 35
13 120
13 30
13 4
13 7
13 109
13 24
13 68
13 109
13 105
13 67
13 74
13 52
13 121
13 66
13 94
13 5
13 8
13 35
13 73
13 117
13 120
13 99
13 52
13 74
13 26
13 29
13 90
13 60
13 72
13 28
13 11
13 27
13 45
13 5
13 93
13 54
13 28
13 5
13 79
13 43
13 71
13 67
13 108
13 23
14 63
14 15
14 100
14 80
14 2
14 61
14 80
14 48
14 68
14 88
14 76
14 52
14 1
14 40
14 25
14 111
14 109
14 97
14 79
14 114
14 79
14 117
14 110
14 80
14 96
14 84
14 85
14 10
14 49
14 2
14 118
14 107
14 71
14 112
14 55
14 70
14 94
14 86
14 123
14 28
14 68
14 53
14 104
14 3
14 92
14 20
14 66
14 122
14 87
14 125
14 39
14 60
14 17
14 11
14 23
14 94
14 106
14 115
14 20
14 9
15 63
15 13
15 83
15 63
15 107
15 40
15 12
15 68
15 98
15 110
15 113
15 66
15 98
15 66
15 33
15 28
15 53
15 71
15 39
15 78
15 95
15 96
15 73
15 30
15 105
15 9
15 115
15 101
15 67
15 67
15 28
15 1
15 8
15 97
15 110
15 57
15 36
15 1
15 37
15 55
15 29
15 69
15 111
15 25
15 2
15 20
15 107
15 69
15 83
15 36
15 112
15 89
15 90
15 19
15 19
15 47
15 127
15 64
15 7
15 88
15 122
16 32
16 60
16 53
16 27
16 14
16 6
16 47
16 99
16 25
16 121
16 83
16 9
16 116
16 67
16 99
16 85
16 10
16 39
16 9
16 88
16 76
16 94
16 32
16 77
16 78
16 67
16 75
16 9
16 72
16 82
16 10
16 92
16 24
16 19
16 23
16 99
16 20
16 6
16 18
16 54
16 23
16 119
16 121
16 63
16 111
16 63
16 44
16 23
16 63
16 68
16 11
16 52
16 4
16 75
16 106
16 98
16 8
16 101
16 87
17 126
17 73
17 87
17 54
17 47
17 32
17 9
17 27
17 75
17 70
17 88
17 94
17 114
17 34
17 92
17 58
17 34
17 27
17 125
17 87
17 78
17 39
17 51
17 33
17 100
17 45
17 121
17 20
17 58
17 19
17 32
17 14
17 104
17 6
17 116
17 58
17 105
17 81
17 15
17 28
17 4
17 62
17 74
17 43
17 29
17 104
17 96
17 50
17 34
17 107
17 72
17 76
17 86
17 103
17 114
17 33
17 106
17 107
17 6
17 108
18 109
18 31
18 96
18 38
18 16
18 70
18 46
18 117
18 65
18 80
18 68
18 105
18 29
18 27
18 20
18 77
18 116
18 9
18 16
18 57
18 56
18 107
18 36
18 22
18 40
18 93
18 107
18 39
18 83
18 54
18 61
18 4
18 107
18 8
18 82
18 6
18 48
18 127
18 105
18 93
18 117
18 93
18 103
18 28
18 9
18 59
18 15
18 73
18 77
18 108
18 38
18 115
18 67
18 120
18 43
18 93
18 101
18 72
18 86
18 18
18 52
19 23
19 81
19 1
19 2
19 41
19 79
19 21
19 53
19 30
19 106
19 85
19 122
19 2
19 101
19 82
19 84
19 11
19 46
19 69
19 56
19 6
19 77
19 96
19 108
19 70
19 57
19 117
19 77
19 45
19 117
19 26
19 71
19 119
19 119
19 23
19 119
19 54
19 43
19 56
19 42
19 12
19 14
19 67
19 61
19 15
19 39
19 71
19 46
19 43
19 26
19 102
19 109
19 96
19 83
19 108
19 88
19 100
19 5
19 106
19 97
20 32
20 63
20 29
20 14
20 25
20 105
20 46
20 94
20 56
20 120
20 24
20 126
20 103
20 112
20 107
20 55
20 69
20 84
20 8
20 77
20 42
20 3
20 86
20 31
20 108
20 66
20 79
20 48
20 21
20 46
20 39
20 109
20 63
20 58
20 23
20 26
20 16
20 101
20 101
20 40
20 39
20 21
20 14
20 86
20 91
20 22
20 89
20 62
20 64
20 10
20 48
20 113
20 119
20 74
20 66
20 66
20 8
20 20
20 103
20 78
20 38
21 7
21 50
21 24
21 43
21 64
21 25
21 69
21 90
21 120
21 31
21 104
21 8
21 123
21 116
21 6
21 122
21 10
21 51
21 25
21 127
21 53
21 17
21 64
21 65
21 59
21 2
21 20
21 65
21 62
21 78
21 93
21 106
21 23
21 110
21 81
21 69
21 37
21 105
21 57
21 102
21 60
21 116
21 77
21 99
21 21
21 91
21 114
21 15
21 12
21 39
21 86
21 106
21 9
21 99
21 54
21 58
21 92
21 29
22 95
22 78
22 3
22 22
22 117
22 79
22 58
22 3
22 23
22 63
22 79
22 120
22 29
22 37
22 62
22 5
22 125
22 7
22 95
22 37
22 116
22 73
22 8
22 84
22 10
22 98
22 109
22 54
22 93
22 50
22 35
22 41
22 118
22 84
22 42
22 121
22 125
22 63
22 66
22 86
22 58
22 42
22 15
22 112
22 64
22 66
22 23
22 104
22 124
22 77
22 34
22 69
22 105
22 33
22 105
22 112
22 29
22 43
22 26
22 60
22 55
22 101
22 109
22 95
22 3
22 17
23 66
23 14
23 89
23 38
23 63
23 98
23 19
23 80
23 108
23 45
23 32
23 53
23 109
23 11
23 120
23 19
23 40
23 84
23 57
23 26
23 117
23 2
23 1
23 64
23 32
23 79
23 113
23 36
23 92
23 86
23 50
23 31
23 72
23 10
23 29
23 80
23 27
23 97
23 62
23 69
23 61
23 92
23 37
23 26
23 75
23 112
23 39
23 54
23 93
23 74
23 126
23 15
23 61
23 30
24 71
24 105
24 10
24 73
24 27
24 5
24 74
24 63
24 24
24 82
24 93
24 113
24 36
24 104
24 51
24 53
24 77
24 60
24 73
24 16
24 126
24 104
24 79
24 94
24 125
24 17
24 126
24 30
24 72
24 60
24 67
24 116
24 40
24 67
24 34
24 104
24 59
24 45
24 65
24 10
24 28
24 94
24 99
24 10
24 13
24 76
24 118
24 23
24 18
24 37
24 22
24 6
24 79
24 117
24 51
24 31
24 71
24 70
24 76
24 51
25 106
25 24
25 22
25 16
25 126
25 21
25 94
25 11
25 48
25 28
25 113
25 5
25 11
25 69
25 3
25 76
25 6
25 64
25 76
25 25
25 101
25 82
25 16
25 64
25 21
25 53
25 106
25 121
25 92
25 58
25 15
25 92
25 84
25 117
25 49
25 83
25 1
25 38
25 62
25 116
25 63
25 114
25 51
25 4
25 46
25 119
25 40
25 20
25 70
25 14
25 119
25 122
25 78
25 91
25 46
25 51
25 78
25 70
25 114
25 59
26 126
26 51
26 40
26 88
26 68
26 43
26 8
26 44
26 6
26 15
26 25
26 103
26 21
26 108
26 110
26 37
26 90
26 39
26 22
26 63
26 125
26 120
26 63
26 32
26 57
26 125
26 83
26 76
26 89
26 6
26 59
26 61
26 50
26 114
26 43
26 64
26 17
26 87
26 110
26 119
26 112
26 47
26 74
26 99
26 68
26 66
26 44
26 93
26 112
26 35
26 3
26 29
26 39
26 14
26 108
26 42
26 11
26 98
26 49
26 117
27 103
27 58
27 35
27 33
27 10
27 33
27 62
27 110
27 40
27 21
27 108
27 38
27 43
27 120
27 72
27 109
27 59
27 31
27 3
27 126
27 17
27 59
27 12
27 39
27 104
27 44
27 28
27 38
27 84
27 14
27 94
27 91
27 54
27 75
27 66
27 102
27 127
27 106
27 3
27 67
27 91
27 60
27 82
27 115
27 97
27 2
27 11
27 31
27 22
27 25
27 27
27 88
27 74
27 105
27 48
27 29
27 86
27 66
27 37
27 84
27 12
28 14
28 126
28 54
28 82
28 28
28 84
28 120
28 112
28 27
28 123
28 15
28 123
28 52
28 55
28 106
28 124
28 73
28 75
28 92
28 123
28 38
28 3
28 4
28 110
28 70
28 78
28 56
28 127
28 70
28 65
28 48
28 79
28 95
28 103
28 113
28 100
28 16
28 90
28 41
28 67
28 9
28 112
28 105
28 82
28 21
28 76
28 63
28 71
28 19
28 57
28 38
28 59
28 119
28 61
28 68
28 57
28 79
28 13
28 86
28 118
28 69
29 37
29 20
29 118
29 24
29 9
29 20
29 7
29 57
29 40
29 30
29 35
29 57
29 99
29 106
29 23
29 44
29 109
29 66
29 18
29 78
29 25
29 97
29 2
29 5
29 29
29 1
29 16
29 50
29 104
29 86
29 42
29 67
29 54
29 2
29 6
29 101
29 125
29 53
29 53
29 104
29 24
29 111
29 52
29 2
29 45
29 99
29 29
29 39
29 94
29 27
29 59
29 21
29 56
29 111
29 47
29 104
29 14
29 41
29 50
30 97
30 38
30 91
30 39
30 70
30 108
30 33
30 20
30 77
30 108
30 88
30 54
30 70
30 113
30 81
30 17
30 39
30 21
30 90
30 120
30 7
30 34
30 117
30 44
30 93
30 19
30 33
30 119
30 95
30 12
30 69
30 97
30 67
30 109
30 57
30 99
30 34
30 47
30 4
30 68
30 97
30 78
30 92
30 19
30 57
30 78
30 101
30 57
30 33
30 98
30 56
30 74
30 115
30 14
30 125
30 115
30 58
30 19
30 62
31 17
31 29
31 101
31 59
31 106
31 65
31 15
31 92
31 100
31 42
31 88
31 23
31 79
31 22
31 52
31 94
31 89
31 76
31 64
31 14
31 88
31 78
31 127
31 102
31 4
31 104
31 47
31 81
31 3
31 91
31 124
31 17
31 10
31 50
31 12
31 3
31 8
31 36
31 73
31 5
31 95
31 106
31 107
31 94
31 115
31 122
31 104
31 111
31 33
31 113
31 8
31 74
31 44
31 9
31 3
31 24
31 44
31 31
31 51
31 115
32 55
32 23
32 117
32 114
32 71
32 95
32 63
32 73
32 111
32 115
32 26
32 14
32 114
32 66
32 63
32 55
32 98
32 27
32 25
32 68
32 94
32 114
32 22
32 62
32 77
32 83
32 75
32 106
32 25
32 107
32 46
32 82
32 23
32 27
32 109
32 44
32 127
32 60
32 24
32 14
32 2
32 89
32 57
32 71
32 4
32 26
32 87
32 84
32 101
32 12
32 12
32 59
32 100
32 39
32 115
32 94
32 75
32 65
32 96
32 1
33 100
33 84
33 114
33 60
33 3
33 100
33 58
33 85
33 38
33 10
33 123
33 87
33 19
33 58
33 93
33 45
33 7
33 1
33 23
33 78
33 70
33 126
33 38
33 85
33 103
33 119
33 115
33 126
33 33
33 64
33 117
33 35
33 22
33 18
33 115
33 70
33 123
33 84
33 1
33 112
33 114
33 24
33 40
33 81
33 33
33 20
33 92
33 70
33 76
33 106
33 112
33 59
33 108
33 79
33 62
33 51
33 104
33 102
33 92
33 37
33 124
33 41
33 76
33 89
33 94
34 103
34 78
34 25
34 40
34 36
34 75
34 35
34 122
34 24
34 48
34 111
34 6
34 90
34 117
34 84
34 85
34 124
34 71
34 5
34 10
34 121
34 55
34 125
34 8
34 77
34 104
34 34
34 89
34 43
34 8
34 62
34 49
34 14
34 76
34 39
34 36
34 108
34 97
34 112
34 121
34 81
34 113
34 125
34 122
34 126
34 121
34 24
34 119
34 12
34 123
34 3
34 106
34 64
34 61
34 66
35 110
35 54
35 84
35 20
35 118
35 7
35 35
35 26
35 96
35 106
35 66
35 29
35 72
35 112
35 100
35 72
35 6
35 72
35 119
35 116
35 102
35 12
35 62
35 15
35 121
35 91
35 20
35 29
35 45
35 122
35 21
35 37
35 111
35 29
35 72
35 53
35 45
35 44
35 90
35 76
35 124
35 40
35 35
35 121
35 25
35 68
35 41
35 14
35 14
35 100
35 50
35 50
35 21
35 109
35 63
35 21
35 72
35 82
35 36
35 109
36 56
36 126
36 9
36 125
36 126
36 59
36 50
36 76
36 85
36 120
36 13
36 81
36 42
36 105
36 16
36 123
36 47
36 76
36 123
36 21
36 94
36 77
36 41
36 56
36 113
36 88
36 106
36 5
36 122
36 114
36 9
36 4
36 79
36 17
36 56
36 100
36 65
36 114
36 100
36 6
36 88
36 3
36 26
36 37
36 81
36 60
36 88
36 98
36 42
36 118
36 35
36 102
36 84
36 84
36 2
36 37
36 115
36 110
36 45
36 47
37 2
37 19
37 66
37 115
37 94
37 112
37 30
37 98
37 31
37 23
37 71
37 44
37 52
37 79
37 95
37 91
37 31
37 47
37 65
37 23
37 93
37 60
37 23
37 122
37 71
37 42
37 123
37 78
37 56
37 37
37 57
37 111
37 20
37 16
37 37
37 14
37 25
37 73
37 41
37 70
37 126
37 93
37 15
37 105
37 107
37 17
37 83
37 24
37 115
37 100
37 81
37 113
37 126
37 55
37 3
37 93
37 3
37 60
37 120
37 4
38 115
38 107
38 98
38 24
38 26
38 64
38 93
38 108
38 113
38 89
38 123
38 108
38 60
38 56
38 14
38 69
38 45
38 44
38 34
38 64
38 60
38 10
38 69
38 107
38 23
38 92
38 65
38 89
38 80
38 83
38 113
38 44
38 2
38 103
38 82
38 105
38 6
38 44
38 24
38 1
38 62
38 80
38 125
38 86
38 69
38 86
38 58
38 113
38 118
38 106
38 125
38 125
38 80
38 108
38 73
38 64
38 20
38 19
38 65
38 11
38 40
38 49
39 15
39 45
39 20
39 74
39 101
39 8
39 125
39 6
39 4
39 26
39 72
39 127
39 4
39 87
39 127
39 110
39 100
39 77
39 23
39 63
39 25
39 37
39 16
39 121
39 51
39 11
39 9
39 20
39 59
39 73
39 111
39 85
39 80
39 61
39 74
39 39
39 5
39 15
39 121
39 75
39 23
39 99
39 94
39 118
39 29
39 41
39 61
39 24
39 40
39 67
39 1
39 28
39 53
39 90
39 22
39 127
39 113
39 61
39 25
39 113
40 91
40 94
40 53
40 10
40 67
40 54
40 115
40 56
40 16
40 49
40 47
40 52
40 96
40 41
40 8
40 36
40 21
40 63
40 7
40 22
40 82
40 20
40 46
40 119
40 99
40 126
40 97
40 54
40 27
40 18
40 66
40 25
40 33
40 8
40 30
40 105
40 84
40 12
40 13
40 127
40 56
40 16
40 34
40 39
40 67
40 74
40 7
40 32
40 13
40 101
40 40
40 109
40 39
40 25
40 44
40 47
40 6
40 51
41 105
41 12
41 84
41 37
41 124
41 115
41 66
41 82
41 110
41 93
41 62
41 101
41 28
41 108
41 45
41 43
41 88
41 2
41 40
41 43
41 66
41 80
41 121
41 33
41 98
41 36
41 88
41 6
41 16
41 66
41 102
41 126
41 20
41 70
41 116
41 65
41 57
41 9
41 28
41 32
41 88
41 98
41 68
41 125
41 110
41 103
41 1
41 106
41 94
41 55
41 23
41 63
41 52
41 95
41 87
41 29
41 37
41 102
41 13
41 47
42 82
42 57
42 29
42 39
42 11
42 17
42 22
42 122
42 108
42 11
42 98
42 40
42 117
42 46
42 18
42 13
42 10
42 22
42 38
42 22
42 52
42 83
42 8
42 70
42 25
42 51
42 8
42 37
42 23
42 34
42 88
42 107
42 96
42 126
42 126
42 2
42 77
42 29
42 110
42 100
42 38
42 112
42 2
42 62
42 107
42 34
42 105
42 84
42 60
42 39
42 95
42 28
42 29
42 84
42 95
42 19
42 93
42 35
42 39
42 36
43 62
43 112
43 118
43 49
43 45
43 6
43 56
43 81
43 94
43 33
43 55
43 74
43 74
43 123
43 104
43 104
43 72
43 108
43 20
43 95
43 118
43 76
43 80
43 90
43 20
43 81
43 8
43 100
43 26
43 55
43 54
43 84
43 112
43 96
43 59
43 101
43 21
43 108
43 54
43 52
43 79
43 115
43 14
43 52
43 91
43 28
43 36
43 49
43 29
43 95
43 58
43 59
43 117
43 126
43 27
43 48
43 59
43 17
43 57
43 41
43 81
44 71
44 7
44 85
44 7
44 79
44 94
44 75
44 92
44 21
44 12
44 6
44 101
44 92
44 74
44 29
44 79
44 124
44 84
44 83
44 23
44 2
44 13
44 81
44 89
44 91
44 35
44 123
44 58
44 31
44 70
44 24
44 15
44 45
44 84
44 44
44 8
44 56
44 29
44 102
44 1
44 17
44 57
44 127
44 118
44 59
44 117
44 53
44 45
44 41
44 60
44 2
44 66
44 123
44 114
44 58
44 37
44 18
44 26
44 102
45 116
45 25
45 43
45 66
45 104
45 67
45 60
45 126
45 11
45 28
45 115
45 9
45 110
45 82
45 114
45 84
45 111
45 10
45 67
45 23
45 7
45 121
45 79
45 17
45 121
45 39
45 109
45 120
45 86
45 20
45 20
45 103
45 40
45 63
45 87
45 117
45 107
45 82
45 119
45 114
45 116
45 124
45 33
45 45
45 98
45 65
45 46
45 22
45 21
45 66
45 51
45 103
45 85
45 101
45 80
45 24
45 83
45 79
45 45
45 103
45 47
46 13
46 46
46 87
46 40
46 63
46 84
46 119
46 120
46 19
46 124
46 106
46 43
46 76
46 116
46 61
46 87
46 123
46 88
46 110
46 20
46 91
46 25
46 25
46 126
46 58
46 111
46 117
46 4
46 72
46 68
46 16
46 111
46 89
46 101
46 25
46 102
46 99
46 49
46 35
46 90
46 113
46 103
46 52
46 30
46 111
46 122
46 89
46 125
46 119
46 11
46 7
46 85
46 96
46 61
46 33
46 97
46 44
46 113
46 9
47 103
47 110
47 111
47 95
47 3
47 28
47 12
47 19
47 16
47 56
47 27
47 33
47 76
47 6
47 103
47 105
47 9
47 60
47 19
47 41
47 61
47 64
47 25
47 70
47 76
47 82
47 83
47 114
47 115
47 73
47 64
47 27
47 19
47 47
47 33
47 87
47 92
47 89
47 56
47 88
47 4
47 98
47 72
47 92
47 126
47 27
47 58
47 100
47 49
47 5
47 67
47 64
47 40
47 63
47 89
47 103
47 82
47 122
47 75
47 5
47 14
48 12
48 54
48 83
48 21
48 62
48 35
48 66
48 47
48 65
48 45
48 117
48 69
48 14
48 34
48 98
48 73
48 81
48 43
48 59
48 85
48 115
48 82
48 44
48 33
48 4
48 27
48 57
48 34
48 20
48 24
48 74
48 17
48 32
48 30
48 40
48 112
48 24
48 26
48 96
48 6
48 124
48 5
48 124
48 56
48 85
48 60
48 23
48 13
48 115
48 42
48 61
48 127
48 48
48 95
48 126
48 96
48 24
48 64
48 28
48 87
48 87
48 122
48 94
48 55
49 122
49 106
49 121
49 47
49 103
49 43
49 54
49 121
49 124
49 119
49 92
49 59
49 6
49 62
49 1
49 69
49 17
49 127
49 82
49 106
49 120
49 78
49 107
49 15
49 48
49 21
49 70
49 113
49 107
49 45
49 60
49 70
49 103
49 93
49 4
49 70
49 22
49 19
49 69
49 94
49 39
49 107
49 15
49 120
49 102
49 8
49 101
49 86
49 83
49 78
49 13
49 43
49 8
49 26
49 19
50 63
50 23
50 33
50 27
50 54
50 99
50 70
50 121
50 14
50 33
50 106
50 28
50 3
50 105
50 62
50 33
50 41
50 71
50 117
50 67
50 83
50 52
50 3
50 77
50 92
50 3
50 95
50 95
50 22
50 94
50 113
50 109
50 18
50 96
50 9
50 68
50 7
50 47
50 33
50 104
50 29
50 113
50 115
50 125
50 92
50 32
50 3
50 35
50 39
50 92
50 62
50 12
50 27
50 32
50 5
50 10
50 29
50 64
50 117
50 103
51 50
51 4
51 110
51 28
51 90
51 76
51 40
51 70
51 33
51 101
51 30
51 37
51 84
51 28
51 71
51 44
51 4
51 27
51 33
51 12
51 26
51 15
51 31
51 28
51 6
51 41
51 72
51 61
51 109
51 46
51 74
51 83
51 84
51 24
51 19
51 117
51 57
51 126
51 19
51 65
51 114
51 93
51 19
51 27
51 63
51 3
51 12
51 76
51 73
51 58
51 109
51 67
51 32
51 53
51 118
51 32
51 119
51 67
51 92
51 20
51 15
51 75
51 36
52 110
52 35
52 6
52 109
52 86
52 110
52 49
52 110
52 23
52 111
52 116
52 11
52 47
52 63
52 108
52 58
52 51
52 102
52 114
52 65
52 122
52 70
52 86
52 127
52 57
52 10
52 65
52 45
52 106
52 14
52 94
52 68
52 12
52 126
52 45
52 41
52 16
52 15
52 117
52 98
52 60
52 100
52 104
52 27
52 97
52 58
52 19
52 63
52 117
52 35
52 69
52 65
52 31
52 5
52 12
52 95
52 20
52 109
53 52
53 66
53 20
53 101
53 3
53 33
53 114
53 82
53 117
53 11
53 49
53 66
53 3
53 103
53 67
53 5
53 71
53 116
53 44
53 96
53 23
53 61
53 68
53 90
53 9
53 43
53 32
53 86
53 73
53 87
53 88
53 72
53 45
53 19
53 73
53 125
53 33
53 64
53 124
53 60
53 88
53 82
53 63
53 55
53 32
53 112
53 34
53 30
53 107
53 74
53 47
53 77
53 76
53 48
53 17
53 85
53 48
53 20
53 64
53 116
53 63
53 8
54 101
54 45
54 99
54 81
54 43
54 14
54 63
54 19
54 32
54 74
54 35
54 123
54 72
54 55
54 117
54 102
54 91
54 105
54 29
54 46
54 2
54 64
54 47
54 70
54 14
54 90
54 98
54 33
54 74
54 59
54 123
54 85
54 58
54 102
54 95
54 81
54 65
54 106
54 81
54 94
54 13
54 8
54 118
54 25
54 51
54 112
54 105
54 28
54 62
54 105
54 49
54 116
54 111
54 2
54 37
54 41
54 7
54 64
55 118
55 104
55 46
55 53
55 97
55 78
55 59
55 96
55 46
55 98
55 119
55 79
55 66
55 16
55 72
55 46
55 77
55 75
55 18
55 51
55 36
55 38
55 31
55 98
55 72
55 102
55 43
55 123
55 28
55 45
55 109
55 90
55 109
55 122
55 40
55 71
55 109
55 102
55 103
55 52
55 37
55 52
55 2
55 74
55 46
55 126
55 110
55 91
55 5
55 109
55 30
55 4
55 55
55 114
55 55
55 33
55 57
55 72
55 36
56 81
56 91
56 58
56 89
56 92
56 121
56 125
56 86
56 92
56 17
56 80
56 31
56 19
56 74
56 120
56 93
56 46
56 114
56 107
56 32
56 104
56 13
56 113
56 100
56 42
56 52
56 18
56 83
56 32
56 100
56 32
56 8
56 44
56 120
56 66
56 21
56 65
56 5
56 11
56 30
56 69
56 113
56 93
56 100
56 61
56 97
56 101
56 60
56 18
56 119
56 70
56 98
56 39
56 43
56 96
56 95
56 23
56 27
56 98
56 77
56 13
56 68
56 94
57 35
57 26
57 4
57 23
57 49
57 38
57 99
57 34
57 75
57 126
57 10
57 85
57 44
57 74
57 37
57 93
57 126
57 57
57 44
57 67
57 51
57 4
57 31
57 101
57 58
57 105
57 72
57 28
57 60
57 102
57 6
57 101
57 27
57 73
57 78
57 4
57 43
57 94
57 77
57 62
57 77
57 12
57 49
57 22
57 78
57 108
57 75
57 82
57 83
57 116
57 14
57 16
57 86
57 38
57 87
57 45
57 102
58 115
58 50
58 91
58 81
58 49
58 115
58 72
58 121
58 45
58 48
58 12
58 113
58 45
58 88
58 42
58 39
58 56
58 21
58 78
58 39
58 105
58 103
58 16
58 118
58 10
58 51
58 83
58 51
58 95
58 29
58 53
58 121
58 40
58 88
58 72
58 13
58 96
58 112
58 112
58 59
58 19
58 111
58 51
58 102
58 56
58 75
58 27
58 41
58 5
58 6
58 115
58 51
58 96
58 16
58 80
58 125
58 85
58 16
58 53
58 97
59 55
59 39
59 124
59 82
59 102
59 58
59 122
59 35
59 70
59 36
59 97
59 12
59 28
59 110
59 40
59 120
59 92
59 38
59 108
59 125
59 39
59 119
59 118
59 112
59 96
59 126
59 27
59 80
59 25
59 19
59 16
59 84
59 36
59 59
59 9
59 33
59 32
59 32
59 67
59 117
59 34
59 60
59 51
59 81
59 67
59 92
59 88
59 109
59 18
59 39
59 80
59 1
59 18
59 51
59 6
59 77
59 102
59 23
59 21
59 101
59 47
60 117
60 71
60 42
60 22
60 11
60 54
60 87
60 79
60 121
60 65
60 94
60 26
60 6
60 42
60 103
60 104
60 106
60 13
60 25
60 71
60 123
60 103
60 81
60 74
60 7
60 106
60 93
60 110
60 125
60 51
60 93
60 4
60 3
60 119
60 20
60 54
60 107
60 12
60 16
60 40
60 18
60 85
60 44
60 53
60 45
60 32
60 101
60 100
60 4
60 34
60 86
60 108
60 79
60 25
60 63
60 64
60 72
60 120
60 74
61 36
61 9
61 41
61 124
61 127
61 102
61 96
61 79
61 60
61 40
61 5
61 126
61 88
61 7
61 13
61 44
61 99
61 126
61 99
61 102
61 4
61 66
61 72
61 58
61 123
61 115
61 54
61 72
61 42
61 12
61 41
61 38
61 80
61 114
61 76
61 42
61 106
61 87
61 95
61 36
61 47
61 118
61 5
61 78
61 45
61 2
61 82
61 2
61 70
61 26
61 6
61 91
61 5
61 60
61 8
61 116
61 41
61 109
61 95
61 60
62 13
62 98
62 70
62 110
62 105
62 62
62 52
62 48
62 41
62 80
62 1
62 35
62 95
62 110
62 119
62 59
62 26
62 19
62 61
62 62
62 80
62 106
62 70
62 70
62 60
62 57
62 34
62 100
62 17
62 113
62 60
62 54
62 117
62 73
62 93
62 57
62 39
62 67
62 67
62 2
62 97
62 126
62 17
62 27
62 96
62 104
62 59
62 27
62 43
62 17
62 78
62 127
62 85
62 32
62 72
62 14
62 58
62 64
62 62
62 29
63 74
63 6
63 97
63 9
63 12
63 108
63 107
63 50
63 90
63 90
63 47
63 34
63 66
63 87
63 51
63 23
63 73
63 20
63 121
63 81
63 11
63 89
63 45
63 78
63 13
63 97
63 56
63 60
63 13
63 46
63 111
63 91
63 72
63 100
63 18
63 61
63 50
63 7
63 34
63 4
63 63
63 29
63 107
63 14
63 126
63 122
63 37
63 109
63 83
63 38
63 84
63 64
63 62
63 42
63 48
63 114
63 75
63 61
63 56
63 15
63 28
63 17
64 39
64 59
64 60
64 56
64 47
64 119
64 115
64 43
64 13
64 111
64 75
64 54
64 92
64 44
64 67
64 102
64 72
64 36
64 40
64 95
64 43
64 115
64 108
64 31
64 11
64 52
64 48
64 109
64 105
64 57
64 99
64 3
64 38
64 16
64 48
64 18
64 25
64 103
64 109
64 78
64 76
64 47
64 116
64 11
64 82
64 95
64 77
64 49
64 118
64 85
64 5
64 17
64 20
64 67
64 18
64 121
64 14
64 90
64 49
64 46
65 6
65 62
65 1
65 88
65 48
65 96
65 41
65 74
65 80
65 114
65 79
65 99
65 122
65 50
65 31
65 30
65 114
65 105
65 109
65 95
65 7
65 19
65 79
65 100
65 76
65 53
65 31
65 55
65 60
65 1
65 61
65 57
65 47
65 126
65 70
65 34
65 121
65 24
65 30
65 86
65 4
65 47
65 68
65 10
65 16
65 48
65 83
65 98
65 24
65 48
65 68
65 104
65 44
65 104
65 110
65 4
65 24
65 87
65 53
65 43
65 38
65 7
65 74
65 91
66 22
66 125
66 72
66 88
66 117
66 35
66 42
66 28
66 124
66 91
66 25
66 96
66 79
66 20
66 92
66 87
66 74
66 19
66 1
66 123
66 33
66 9
66 13
66 21
66 110
66 9
66 27
66 28
66 22
66 103
66 82
66 109
66 85
66 91
66 96
66 44
66 78
66 1
66 102
66 91
66 57
66 30
66 50
66 69
66 74
66 62
66 3
66 64
66 56
66 30
66 45
66 55
66 79
66 36
66 113
66 59
67 43
67 15
67 43
67 60
67 87
67 89
67 52
67 123
67 98
67 104
67 29
67 98
67 96
67 34
67 67
67 45
67 41
67 86
67 75
67 32
67 46
67 80
67 2
67 54
67 65
67 119
67 6
67 112
67 67
67 59
67 127
67 97
67 88
67 1
67 11
67 110
67 35
67 84
67 9
67 1
67 35
67 25
67 111
67 43
67 26
67 50
67 21
67 103
67 104
67 67
67 56
67 35
67 2
67 16
67 5
67 76
67 119
67 96
68 81
68 10
68 90
68 94
68 97
68 61
68 47
68 108
68 74
68 1
68 25
68 59
68 92
68 3
68 9
68 24
68 107
68 36
68 11
68 46
68 79
68 49
68 5
68 110
68 36
68 68
68 45
68 2
68 70
68 77
68 26
68 119
68 51
68 54
68 122
68 83
68 103
68 39
68 13
68 63
68 54
68 75
68 52
68 38
68 36
68 10
68 97
68 20
68 5
68 3
68 62
68 102
68 28
68 87
68 108
68 127
68 127
68 120
68 102
68 1
68 64
69 78
69 91
69 80
69 112
69 76
69 117
69 75
69 7
69 57
69 43
69 87
69 35
69 76
69 107
69 73
69 87
69 1
69 62
69 109
69 66
69 123
69 13
69 80
69 104
69 40
69 27
69 21
69 56
69 40
69 95
69 1
69 54
69 41
69 54
69 122
69 88
69 80
69 22
69 98
69 110
69 82
69 104
69 41
69 127
69 99
69 25
69 79
69 48
69 29
69 89
69 78
69 29
69 96
69 121
69 67
69 84
69 48
69 6
69 113
69 31
69 91
70 34
70 10
70 29
70 104
70 71
70 84
70 50
70 107
70 87
70 39
70 30
70 84
70 13
70 93
70 10
70 69
70 88
70 14
70 9
70 106
70 111
70 35
70 53
70 68
70 123
70 86
70 10
70 116
70 35
70 85
70 123
70 51
70 118
70 37
70 120
70 23
70 11
70 43
70 19
70 87
70 64
70 28
70 95
70 115
70 120
70 101
70 82
70 124
70 37
70 125
70 32
70 28
70 30
70 69
70 84
70 61
70 120
70 21
71 10
71 111
71 27
71 9
71 28
71 19
71 54
71 69
71 62
71 95
71 24
71 63
71 81
71 44
71 15
71 71
71 35
71 55
71 4
71 73
71 120
71 105
71 121
71 28
71 81
71 12
71 127
71 26
71 117
71 57
71 80
71 53
71 61
71 76
71 36
71 97
71 20
71 112
71 39
71 44
71 48
71 74
71 121
71 24
71 61
71 99
71 100
71 6
71 10
71 117
71 50
71 88
71 41
71 78
71 32
71 87
71 116
71 38
71 54
71 120
72 87
72 47
72 51
72 47
72 20
72 120
72 14
72 19
72 9
72 100
72 48
72 54
72 125
72 111
72 114
72 41
72 65
72 68
72 3
72 121
72 87
72 24
72 16
72 43
72 31
72 13
72 48
72 44
72 36
72 85
72 93
72 60
72 118
72 86
72 15
72 74
72 33
72 106
72 117
72 102
72 96
72 79
72 102
72 102
72 120
72 27
72 117
72 63
72 58
72 25
72 75
72 72
72 111
72 20
72 26
72 65
72 100
72 23
72 101
72 47
72 109
72 97
73 13
73 35
73 53
73 10
73 122
73 30
73 113
73 83
73 127
73 65
73 96
73 50
73 59
73 126
73 37
73 104
73 86
73 76
73 79
73 29
73 12
73 103
73 38
73 28
73 116
73 78
73 70
73 74
73 77
73 49
73 52
73 27
73 86
73 5
73 6
73 119
73 109
73 42
73 9
73 112
73 62
73 1
73 126
73 80
73 62
73 27
73 62
73 11
73 88
73 39
73 16
73 105
73 43
73 41
73 54
73 37
73 67
73 74
73 42
74 97
74 3
74 80
74 5
74 29
74 104
74 86
74 8
74 58
74 3
74 7
74 34
74 86
74 70
74 76
74 48
74 125
74 21
74 5
74 63
74 89
74 36
74 20
74 13
74 65
74 67
74 93
74 119
74 110
74 122
74 53
74 66
74 10
74 95
74 24
74 45
74 106
74 11
74 43
74 22
74 81
74 80
74 118
74 81
74 62
74 33
74 14
74 108
74 22
74 12
74 56
74 101
74 38
74 115
74 74
74 1
74 114
74 111
74 18
75 61
75 21
75 106
75 49
75 103
75 88
75 105
75 14
75 44
75 44
75 105
75 84
75 106
75 43
75 86
75 29
75 72
75 69
75 87
75 8
75 82
75 22
75 66
75 84
75 56
75 43
75 28
75 97
75 29
75 43
75 66
75 113
75 105
75 109
75 4
75 68
75 89
75 105
75 14
75 87
75 106
75 68
75 100
75 41
75 3
75 99
75 44
75 50
75 28
75 20
75 36
75 51
75 100
75 63
75 34
75 29
75 111
75 19
75 73
75 99
76 90
76 122
76 51
76 110
76 51
76 53
76 69
76 1
76 73
76 82
76 41
76 2
76 111
76 45
76 58
76 64
76 30
76 55
76 60
76 91
76 74
76 112
76 41
76 70
76 112
76 70
76 13
76 114
76 17
76 109
76 16
76 81
76 49
76 8
76 83
76 57
76 68
76 118
76 76
76 70
76 20
76 28
76 15
76 5
76 95
76 50
76 27
76 38
76 31
76 40
76 87
76 30
76 83
76 54
76 89
76 72
76 89
76 35
76 83
76 106
77 93
77 76
77 95
77 48
77 86
77 55
77 99
77 86
77 47
77 70
77 31
77 26
77 85
77 13
77 87
77 116
77 98
77 10
77 4
77 122
77 47
77 74
77 66
77 56
77 116
77 15
77 117
77 75
77 70
77 63
77 79
77 96
77 116
77 94
77 46
77 89
77 112
77 32
77 63
77 14
77 45
77 23
77 76
77 61
77 26
77 92
77 127
77 106
77 82
77 70
77 122
77 36
77 46
77 3
77 42
77 68
77 65
77 124
77 77
77 17
77 28
77 113
78 98
78 68
78 69
78 30
78 101
78 123
78 41
78 31
78 74
78 8
78 42
78 82
78 92
78 117
78 20
78 87
78 43
78 48
78 93
78 13
78 66
78 104
78 112
78 92
78 18
78 118
78 94
78 117
78 94
78 111
78 100
78 8
78 15
78 84
78 78
78 31
78 45
78 18
78 27
78 115
78 99
78 26
78 70
78 36
78 118
78 70
78 32
78 15
78 123
78 6
78 65
78 69
78 126
78 16
78 39
78 103
78 118
78 32
78 30
79 95
79 72
79 108
79 117
79 96
79 82
79 93
79 120
79 104
79 68
79 125
79 24
79 20
79 66
79 56
79 69
79 98
79 98
79 71
79 38
79 66
79 28
79 102
79 42
79 21
79 90
79 13
79 85
79 110
79 119
79 78
79 4
79 13
79 3
79 71
79 9
79 104
79 12
79 77
79 27
79 120
79 40
79 46
79 47
79 24
79 61
79 81
79 70
79 60
79 2
79 101
79 24
79 107
79 24
79 4
79 13
79 102
79 15
79 88
80 20
80 125
80 85
80 88
80 50
80 96
80 126
80 114
80 11
80 115
80 37
80 65
80 81
80 13
80 30
80 103
80 2
80 76
80 93
80 79
80 75
80 50
80 64
80 92
80 104
80 36
80 111
80 1
80 6
80 83
80 104
80 122
80 112
80 91
80 114
80 20
80 110
80 55
80 123
80 51
80 8
80 106
80 87
80 14
80 66
80 51
80 59
80 20
80 81
80 65
80 118
80 34
80 104
80 72
80 99
80 8
80 100
80 123
80 75
80 37
81 19
81 83
81 123
81 104
81 49
81 47
81 110
81 111
81 87
81 101
81 70
81 28
81 124
81 35
81 30
81 104
81 4
81 75
81 21
81 22
81 11
81 95
81 125
81 27
81 4
81 1
81 108
81 69
81 39
81 36
81 12
81 62
81 52
81 116
81 38
81 51
81 108
81 122
81 46
81 28
81 44
81 16
81 73
81 64
81 40
81 46
81 111
81 88
81 4
81 79
81 69
81 62
81 17
81 22
81 17
81 95
81 92
81 2
81 115
81 73
82 28
82 38
82 90
82 58
82 57
82 43
82 29
82 56
82 111
82 22
82 79
82 46
82 77
82 79
82 61
82 65
82 70
82 29
82 25
82 16
82 9
82 16
82 94
82 77
82 112
82 44
82 6
82 75
82 60
82 75
82 97
82 58
82 6
82 102
82 46
82 5
82 3
82 88
82 18
82 64
82 87
82 117
82 57
82 56
82 96
82 123
82 98
82 18
82 26
82 127
82 29
82 78
82 118
82 22
82 103
82 39
82 119
82 115
82 118
82 11
83 96
83 30
83 103
83 95
83 121
83 24
83 94
83 35
83 104
83 27
83 94
83 74
83 96
83 127
83 21
83 61
83 67
83 27
83 25
83 87
83 50
83 13
83 17
83 125
83 118
83 122
83 40
83 58
83 116
83 26
83 19
83 24
83 105
83 67
83 7
83 52
83 98
83 103
83 14
83 93
83 65
83 3
83 120
83 101
83 110
83 113
83 15
83 53
83 99
83 100
83 105
83 25
83 99
83 17
83 53
83 57
83 73
83 66
83 79
83 102
83 19
84 53
84 27
84 65
84 13
84 109
84 42
84 106
84 3
84 96
84 90
84 5
84 85
84 44
84 94
84 2
84 43
84 103
84 86
84 28
84 38
84 98
84 86
84 122
84 62
84 5
84 85
84 45
84 68
84 123
84 90
84 32
84 53
84 5
84 125
84 91
84 115
84 104
84 9
84 6
84 65
84 29
84 11
84 104
84 103
84 58
84 10
84 15
84 121
84 117
84 50
84 100
84 17
84 21
84 76
84 67
84 29
84 33
84 61
84 118
84 124
85 15
85 125
85 18
85 62
85 45
85 24
85 111
85 60
85 26
85 49
85 34
85 91
85 126
85 123
85 105
85 71
85 70
85 89
85 66
85 43
85 37
85 124
85 14
85 55
85 7
85 40
85 48
85 3
85 51
85 55
85 74
85 14
85 52
85 67
85 77
85 13
85 81
85 29
85 116
85 101
85 99
85 104
85 45
85 14
85 92
85 120
85 108
85 36
85 77
85 52
85 70
85 18
85 69
85 126
85 27
85 21
85 94
85 95
85 33
85 114
86 51
86 46
86 115
86 126
86 95
86 45
86 41
86 23
86 6
86 23
86 126
86 6
86 109
86 82
86 44
86 20
86 77
86 78
86 101
86 13
86 79
86 114
86 75
86 64
86 24
86 11
86 30
86 30
86 74
86 60
86 53
86 11
86 41
86 60
86 113
86 3
86 2
86 46
86 75
86 105
86 32
86 64
86 72
86 53
86 81
86 11
86 16
86 81
86 41
86 4
86 18
86 127
86 91
86 1
86 63
86 22
86 123
86 122
86 65
86 1
86 64
87 69
87 94
87 89
87 37
87 117
87 86
87 6
87 50
87 42
87 92
87 28
87 23
87 64
87 64
87 21
87 79
87 46
87 115
87 15
87 70
87 32
87 57
87 40
87 124
87 77
87 115
87 82
87 102
87 69
87 22
87 15
87 118
87 100
87 59
87 36
87 90
87 29
87 16
87 22
87 99
87 123
87 60
87 123
87 52
87 21
87 34
87 52
87 100
87 41
87 39
87 111
87 74
87 63
87 72
87 5
87 87
87 124
87 77
88 41
88 31
88 61
88 30
88 85
88 84
88 104
88 28
88 96
88 77
88 111
88 29
88 65
88 76
88 112
88 100
88 89
88 23
88 47
88 59
88 1
88 16
88 57
88 18
88 2
88 30
88 49
88 17
88 17
88 115
88 7
88 65
88 114
88 53
88 62
88 42
88 20
88 58
88 36
88 24
88 41
88 40
88 100
88 26
88 24
88 103
88 13
88 72
88 57
88 79
88 47
88 109
88 111
88 46
88 10
88 44
88 66
88 56
88 48
88 34
88 87
89 91
89 115
89 56
89 108
89 20
89 22
89 41
89 110
89 25
89 108
89 96
89 85
89 58
89 115
89 84
89 98
89 44
89 38
89 41
89 95
89 54
89 48
89 19
89 33
89 64
89 116
89 113
89 78
89 107
89 71
89 94
89 5
89 94
89 82
89 8
89 52
89 127
89 38
89 67
89 60
89 27
89 88
89 95
89 12
89 101
89 8
89 54
89 11
89 55
89 76
89 60
89 8
89 54
89 21
89 34
89 119
89 85
89 2
89 51
90 79
90 76
90 111
90 88
90 6
90 54
90 28
90 85
90 87
90 63
90 75
90 41
90 23
90 32
90 79
90 113
90 70
90 27
90 100
90 65
90 126
90 113
90 105
90 103
90 96
90 48
90 62
90 126
90 87
90 70
90 20
90 8
90 45
90 28
90 43
90 18
90 12
90 15
90 78
90 52
90 26
90 115
90 77
90 117
90 47
90 48
90 95
90 111
90 6
90 104
90 114
90 110
90 74
90 77
90 50
90 112
90 18
90 103
90 89
90 112
90 88
90 125
91 7
91 69
91 126
91 96
91 123
91 20
91 113
91 98
91 83
91 53
91 38
91 125
91 2
91 51
91 22
91 30
91 108
91 111
91 97
91 27
91 35
91 95
91 99
91 61
91 36
91 36
91 9
91 120
91 10
91 106
91 95
91 73
91 67
91 58
91 58
91 47
91 29
91 32
91 72
91 102
91 19
91 122
91 85
91 56
91 72
91 34
91 109
91 63
91 48
91 16
91 1
91 9
91 70
91 121
91 96
91 18
91 117
91 27
92 65
92 90
92 20
92 30
92 33
92 88
92 41
92 94
92 37
92 105
92 59
92 118
92 122
92 14
92 51
92 69
92 110
92 29
92 121
92 90
92 96
92 118
92 70
92 84
92 68
92 124
92 46
92 109
92 80
92 123
92 49
92 38
92 27
92 80
92 116
92 86
92 93
92 87
92 43
92 8
92 62
92 89
92 85
92 1
92 46
92 83
92 122
92 55
92 114
92 126
92 1
92 68
92 78
92 123
92 28
92 82
92 111
92 111
92 77
92 23
93 85
93 66
93 12
93 39
93 112
93 20
93 123
93 109
93 47
93 80
93 27
93 99
93 31
93 41
93 94
93 50
93 124
93 62
93 120
93 49
93 127
93 23
93 43
93 101
93 121
93 113
93 104
93 57
93 67
93 38
93 59
93 46
93 125
93 23
93 33
93 111
93 102
93 114
93 53
93 1
93 66
93 21
93 24
93 20
93 76
93 47
93 64
93 77
93 49
93 93
93 112
93 123
93 11
93 110
93 67
93 116
93 119
93 117
93 41
93 5
93 38
94 105
94 4
94 68
94 94
94 55
94 50
94 40
94 36
94 89
94 120
94 58
94 34
94 26
94 30
94 21
94 108
94 12
94 80
94 104
94 40
94 95
94 122
94 4
94 99
94 118
94 92
94 44
94 14
94 51
94 96
94 51
94 25
94 63
94 123
94 122
94 55
94 98
94 45
94 96
94 120
94 24
94 91
94 17
94 66
94 62
94 115
94 35
94 100
94 90
94 101
94 7
94 34
94 111
94 7
94 93
94 115
94 62
94 42
94 11
95 29
95 115
95 18
95 110
95 42
95 77
95 23
95 74
95 81
95 120
95 56
95 73
95 3
95 82
95 53
95 102
95 90
95 100
95 24
95 68
95 82
95 68
95 11
95 56
95 68
95 37
95 87
95 78
95 31
95 87
95 119
95 15
95 75
95 33
95 109
95 91
95 23
95 41
95 61
95 12
95 69
95 3
95 1
95 37
95 66
95 57
95 93
95 72
95 68
95 121
95 44
95 95
95 103
95 48
95 79
95 86
95 89
95 60
95 126
95 104
96 1
96 16
96 96
96 17
96 89
96 46
96 34
96 67
96 16
96 58
96 13
96 22
96 88
96 106
96 79
96 40
96 34
96 87
96 117
96 14
96 56
96 15
96 70
96 117
96 6
96 73
96 95
96 105
96 37
96 110
96 118
96 120
96 22
96 107
96 68
96 19
96 6
96 77
96 124
96 49
96 3
96 123
96 100
96 12
96 91
96 10
96 42
96 15
96 103
96 119
96 114
96 60
96 73
96 70
96 24
96 97
96 32
96 4
96 95
96 11
96 47
96 110
96 59
97 12
97 7
97 23
97 13
97 63
97 65
97 96
97 29
97 54
97 2
97 86
97 113
97 124
97 72
97 21
97 32
97 23
97 110
97 78
97 19
97 43
97 100
97 117
97 127
97 127
97 114
97 125
97 81
97 123
97 20
97 127
97 79
97 83
97 120
97 16
97 27
97 5
97 76
97 49
97 56
97 49
97 126
97 96
97 70
97 75
97 36
97 29
97 93
97 107
97 14
97 2
97 121
97 100
97 16
97 5
97 72
97 62
97 50
98 98
98 13
98 61
98 40
98 118
98 42
98 85
98 57
98 13
98 63
98 5
98 18
98 97
98 21
98 116
98 22
98 4
98 41
98 40
98 28
98 82
98 96
98 84
98 45
98 94
98 100
98 35
98 27
98 28
98 104
98 97
98 70
98 113
98 108
98 40
98 9
98 1
98 77
98 59
98 100
98 116
98 21
98 65
98 67
98 107
98 45
98 53
98 80
98 71
98 17
98 34
98 16
98 105
98 32
98 123
98 21
98 87
98 30
98 85
99 126
99 122
99 17
99 36
99 94
99 119
99 73
99 49
99 20
99 66
99 63
99 47
99 22
99 38
99 97
99 118
99 43
99 57
99 9
99 49
99 80
99 69
99 6
99 69
99 114
99 34
99 88
99 54
99 8
99 8
99 75
99 96
99 119
99 49
99 54
99 94
99 60
99 119
99 114
99 29
99 61
99 65
99 34
99 38
99 13
99 84
99 107
99 114
99 60
99 90
99 14
99 53
99 94
99 66
99 115
99 28
99 96
99 90
99 2
99 54
99 58
100 53
100 119
100 39
100 87
100 41
100 84
100 37
100 56
100 51
100 42
100 125
100 115
100 61
100 82
100 54
100 6
100 91
100 40
100 82
100 119
100 120
100 104
100 7
100 102
100 125
100 66
100 54
100 62
100 43
100 119
100 121
100 25
100 106
100 18
100 93
100 105
100 67
100 73
100 91
100 40
100 98
100 28
100 65
100 79
100 53
100 103
100 34
100 75
100 46
100 3
100 89
100 62
100 101
100 38
100 82
100 29
100 123
100 44
100 93
101 12
101 17
101 66
101 59
101 57
101 78
101 5
101 59
101 88
101 125
101 26
101 112
101 8
101 22
101 59
101 18
101 115
101 116
101 29
101 112
101 74
101 87
101 36
101 124
101 80
101 50
101 13
101 16
101 17
101 104
101 98
101 21
101 82
101 32
101 66
101 35
101 19
101 9
101 64
101 101
101 45
101 42
101 100
101 93
101 89
101 80
101 89
101 31
101 77
101 101
101 24
101 120
101 27
101 80
101 121
101 20
101 100
101 32
101 7
101 106
102 119
102 25
102 29
102 10
102 13
102 118
102 124
102 54
102 108
102 20
102 47
102 52
102 110
102 84
102 20
102 19
102 76
102 85
102 69
102 121
102 121
102 19
102 117
102 30
102 46
102 97
102 14
102 83
102 69
102 56
102 54
102 48
102 24
102 40
102 75
102 38
102 10
102 33
102 73
102 31
102 97
102 113
102 120
102 49
102 46
102 101
102 92
102 44
102 75
102 114
102 26
102 17
102 104
102 70
102 84
102 121
102 52
102 41
102 110
102 20
103 32
103 65
103 107
103 119
103 114
103 50
103 83
103 85
103 12
103 89
103 98
103 127
103 118
103 40
103 81
103 120
103 39
103 122
103 19
103 61
103 122
103 73
103 76
103 102
103 15
103 123
103 87
103 35
103 90
103 33
103 73
103 50
103 24
103 110
103 96
103 48
103 125
103 24
103 82
103 72
103 82
103 35
103 118
103 59
103 104
103 96
103 60
103 7
103 4
103 126
103 42
103 1
103 98
103 9
103 59
103 30
103 104
103 17
103 7
103 81
103 80
103 99
103 89
104 36
104 16
104 60
104 90
104 112
104 80
104 52
104 80
104 57
104 27
104 59
104 44
104 85
104 51
104 74
104 84
104 75
104 44
104 103
104 106
104 48
104 107
104 117
104 76
104 45
104 120
104 119
104 80
104 48
104 69
104 105
104 97
104 92
104 44
104 6
104 11
104 27
104 12
104 19
104 3
104 7
104 61
104 77
104 110
104 62
104 33
104 25
104 35
104 31
104 84
104 54
104 126
104 93
104 26
104 37
104 93
104 42
105 4
105 122
105 8
105 106
105 51
105 39
105 82
105 69
105 98
105 93
105 44
105 47
105 53
105 22
105 42
105 90
105 41
105 49
105 56
105 34
105 118
105 59
105 57
105 50
105 100
105 49
105 79
105 124
105 113
105 36
105 37
105 83
105 3
105 1
105 50
105 60
105 10
105 3
105 84
105 123
105 14
105 65
105 92
105 65
105 71
105 9
105 32
105 100
105 102
105 114
105 104
105 114
105 79
105 20
105 55
105 125
105 11
105 81
105 7
105 29
105 9
106 121
106 86
106 88
106 29
106 69
106 122
106 74
106 125
106 8
106 71
106 79
106 81
106 56
106 36
106 109
106 118
106 68
106 25
106 70
106 115
106 47
106 62
106 107
106 1
106 127
106 78
106 46
106 28
106 89
106 85
106 82
106 74
106 106
106 103
106 46
106 79
106 119
106 68
106 73
106 38
106 126
106 79
106 10
106 7
106 4
106 122
106 122
106 50
106 32
106 87
106 10
106 16
106 23
106 65
106 13
106 75
106 20
106 50
106 93
106 65
106 84
106 47
106 113
107 99
107 41
107 89
107 46
107 4
107 89
107 102
107 91
107 85
107 75
107 22
107 76
107 112
107 101
107 71
107 29
107 58
107 62
107 10
107 118
107 25
107 75
107 110
107 90
107 48
107 77
107 1
107 115
107 73
107 63
107 40
107 92
107 108
107 97
107 55
107 89
107 126
107 59
107 91
107 70
107 124
107 40
107 59
107 7
107 65
107 116
107 127
107 41
107 19
107 41
107 85
107 41
107 126
107 50
107 47
107 15
108 80
108 89
108 1
108 1
108 101
108 95
108 88
108 32
108 65
108 101
108 79
108 33
108 104
108 39
108 125
108 116
108 80
108 20
108 30
108 5
108 17
108 23
108 104
108 47
108 19
108 93
108 63
108 26
108 24
108 69
108 8
108 53
108 117
108 110
108 114
108 87
108 41
108 25
108 42
108 99
108 35
108 8
108 33
108 5
108 39
108 20
108 13
108 85
108 61
108 126
108 79
108 19
108 1
108 35
108 25
108 110
108 23
108 102
108 120
108 40
109 60
109 65
109 127
109 20
109 48
109 72
109 99
109 8
109 110
109 32
109 96
109 74
109 64
109 112
109 39
109 23
109 37
109 48
109 6
109 17
109 105
109 83
109 1
109 65
109 127
109 92
109 39
109 80
109 113
109 103
109 26
109 42
109 42
109 108
109 14
109 40
109 102
109 62
109 50
109 40
109 7
109 61
109 103
109 11
109 69
109 115
109 75
109 122
109 77
109 12
109 13
109 68
109 74
109 3
109 119
109 59
109 9
109 6
109 110
109 22
109 7
110 29
110 58
110 108
110 42
110 73
110 81
110 117
110 55
110 59
110 53
110 57
110 84
110 103
110 51
110 10
110 48
110 110
110 54
110 66
110 70
110 75
110 37
110 63
110 37
110 112
110 126
110 14
110 40
110 103
110 54
110 104
110 68
110 44
110 119
110 49
110 121
110 92
110 47
110 13
110 126
110 96
110 41
110 111
110 48
110 123
110 111
110 72
110 14
110 51
110 10
110 7
110 84
110 29
110 2
110 28
110 105
110 53
110 62
110 33
111 6
111 69
111 95
111 26
111 69
111 90
111 85
111 113
111 58
111 113
111 20
111 110
111 19
111 110
111 34
111 92
111 3
111 68
111 9
111 30
111 31
111 39
111 7
111 124
111 14
111 93
111 5
111 22
111 4
111 111
111 51
111 44
111 2
111 123
111 10
111 107
111 101
111 88
111 47
111 10
111 6
111 125
111 47
111 66
111 38
111 57
111 35
111 4
111 37
111 126
111 67
111 1
111 37
111 52
111 4
111 67
111 45
111 44
111 36
111 14
112 40
112 124
112 97
112 123
112 31
112 42
112 15
112 35
112 109
112 26
112 113
112 115
112 44
112 15
112 60
112 1
112 41
112 42
112 88
112 20
112 86
112 5
112 59
112 1
112 48
112 64
112 102
112 80
112 94
112 120
112 30
112 23
112 125
112 51
112 103
112 67
112 26
112 105
112 112
112 114
112 48
112 11
112 13
112 99
112 67
112 38
112 42
112 73
112 48
112 72
112 6
112 76
112 97
112 100
112 37
112 66
112 45
112 80
112 78
112 112
112 97
112 38
113 111
113 80
113 97
113 97
113 71
113 104
113 45
113 87
113 95
113 4
113 99
113 47
113 108
113 76
113 80
113 2
113 98
113 102
113 19
113 123
113 109
113 49
113 59
113 87
113 64
113 101
113 67
113 86
113 120
113 104
113 12
113 120
113 102
113 122
113 124
113 107
113 127
113 1
113 51
113 75
113 103
113 5
113 6
113 95
113 29
113 113
113 118
113 124
113 99
113 41
113 60
113 83
113 51
113 116
113 111
113 96
113 43
113 7
114 89
114 56
114 91
114 75
114 15
114 52
114 17
114 9
114 80
114 105
114 83
114 126
114 82
114 42
114 92
114 41
114 116
114 28
114 33
114 18
114 85
114 83
114 95
114 12
114 62
114 115
114 50
114 34
114 86
114 51
114 111
114 119
114 110
114 105
114 71
114 56
114 55
114 75
114 22
114 27
114 124
114 124
114 115
114 87
114 117
114 71
114 58
114 106
114 40
114 120
114 6
114 92
114 70
114 62
114 37
114 25
114 14
114 76
114 35
114 121
115 89
115 121
115 4
115 2
115 44
115 83
115 78
115 92
115 111
115 75
115 74
115 41
115 36
115 96
115 9
115 117
115 91
115 109
115 107
115 67
115 43
115 93
115 24
115 110
115 83
115 115
115 50
115 27
115 127
115 73
115 117
115 122
115 88
115 51
115 88
115 45
115 115
115 48
115 67
115 82
115 91
115 105
115 127
115 31
115 49
115 8
115 27
115 45
115 30
115 57
115 13
115 6
115 67
115 73
115 72
115 8
115 31
115 122
115 67
115 90
115 35
116 2
116 44
116 85
116 104
116 123
116 119
116 97
116 78
116 4
116 102
116 53
116 110
116 43
116 88
116 97
116 22
116 60
116 22
116 79
116 114
116 51
116 57
116 39
116 1
116 30
116 2
116 79
116 10
116 24
116 24
116 91
116 50
116 122
116 65
116 85
116 95
116 13
116 23
116 33
116 79
116 94
116 59
116 114
116 104
116 80
116 74
116 67
116 24
116 1
116 41
116 35
116 63
116 19
116 47
116 7
116 104
116 64
116 65
116 118
117 99
117 80
117 59
117 28
117 55
117 109
117 42
117 60
117 49
117 103
117 64
117 125
117 75
117 121
117 40
117 123
117 31
117 119
117 6
117 108
117 17
117 60
117 84
117 89
117 66
117 31
117 11
117 22
117 120
117 73
117 114
117 13
117 111
117 76
117 66
117 61
117 121
117 68
117 113
117 9
117 17
117 114
117 4
117 78
117 80
117 24
117 97
117 12
117 34
117 82
117 124
117 10
117 62
117 97
117 92
117 110
117 83
117 66
117 107
117 112
117 26
118 116
118 95
118 3
118 71
118 2
118 69
118 30
118 14
118 50
118 26
118 17
118 127
118 109
118 81
118 99
118 64
118 99
118 55
118 83
118 66
118 121
118 118
118 115
118 16
118 65
118 54
118 99
118 56
118 103
118 126
118 127
118 52
118 101
118 126
118 111
118 100
118 44
118 119
118 2
118 64
118 117
118 63
118 113
118 65
118 124
118 48
118 94
118 101
118 28
118 89
118 112
118 72
118 107
118 61
118 32
118 30
118 32
118 102
118 13
118 113
119 84
119 76
119 72
119 6
119 30
119 43
119 70
119 36
119 38
119 9
119 72
119 69
119 95
119 114
119 68
119 63
119 100
119 21
119 68
119 61
119 109
119 115
119 101
119 127
119 88
119 104
119 126
119 124
119 108
119 24
119 90
119 38
119 87
119 72
119 80
119 56
119 57
119 1
119 41
119 52
119 10
119 58
119 46
119 86
119 47
119 21
119 47
119 126
119 13
119 7
119 14
119 20
119 32
119 65
119 70
119 29
119 71
119 99
119 96
120 60
120 23
120 120
120 47
120 127
120 9
120 77
120 122
120 52
120 68
120 63
120 42
120 83
120 73
120 107
120 94
120 17
120 71
120 88
120 105
120 116
120 81
120 80
120 49
120 63
120 55
120 40
120 51
120 5
120 42
120 101
120 104
120 4
120 34
120 18
120 115
120 78
120 66
120 67
120 7
120 69
120 125
120 8
120 42
120 10
120 47
120 28
120 114
120 38
120 62
120 67
120 39
120 122
120 41
120 92
120 32
120 42
120 44
120 86
120 127
121 15
121 113
121 68
121 112
121 124
121 74
121 27
121 54
121 30
121 59
121 30
121 77
121 13
121 113
121 11
121 66
121 89
121 17
121 13
121 85
121 61
121 16
121 102
121 69
121 100
121 65
121 18
121 17
121 63
121 8
121 52
121 84
121 64
121 99
121 47
121 6
121 25
121 34
121 1
121 127
121 122
121 99
121 68
121 79
121 69
121 56
121 14
121 74
121 60
121 63
121 94
121 102
121 80
121 2
121 87
121 96
121 112
121 88
121 99
121 30
121 107
122 111
122 61
122 36
122 76
122 55
122 122
122 44
122 127
122 14
122 116
122 57
122 109
122 97
122 86
122 106
122 52
122 11
122 41
122 58
122 124
122 96
122 87
122 58
122 45
122 124
122 6
122 54
122 24
122 12
122 4
122 114
122 121
122 33
122 70
122 51
122 108
122 46
122 50
122 39
122 101
122 35
122 75
122 41
122 36
122 84
122 36
122 86
122 65
122 123
122 116
122 26
122 26
122 94
122 93
122 71
122 93
122 17
122 51
122 34
122 33
122 117
123 56
123 17
123 28
123 22
123 33
123 45
123 99
123 42
123 83
123 89
123 36
123 127
123 58
123 30
123 3
123 38
123 106
123 98
123 106
123 90
123 49
123 107
123 126
123 125
123 49
123 91
123 28
123 49
123 89
123 79
123 7
123 80
123 87
123 102
123 4
123 68
123 5
123 95
123 15
123 45
123 101
123 82
123 116
123 119
123 81
123 123
123 93
123 30
123 1
123 104
123 62
123 20
123 77
123 51
123 112
123 119
123 37
123 119
123 56
124 66
124 28
124 75
124 43
124 17
124 42
124 19
124 115
124 69
124 5
124 48
124 99
124 80
124 11
124 101
124 9
124 111
124 93
124 20
124 38
124 93
124 117
124 105
124 85
124 88
124 19
124 18
124 80
124 5
124 119
124 57
124 98
124 85
124 101
124 84
124 24
124 104
124 4
124 60
124 62
124 70
124 33
124 29
124 108
124 80
124 22
124 62
124 113
124 67
124 23
124 94
124 22
124 115
124 69
124 39
124 85
124 55
124 126
124 16
124 31
125 92
125 21
125 10
125 85
125 99
125 30
125 77
125 33
125 79
125 3
125 30
125 10
125 21
125 34
125 52
125 67
125 88
125 104
125 110
125 93
125 54
125 81
125 99
125 17
125 38
125 123
125 111
125 98
125 114
125 58
125 36
125 20
125 64
125 27
125 120
125 63
125 28
125 35
125 1
125 118
125 65
125 43
125 80
125 121
125 8
125 64
125 59
125 13
125 98
125 37
125 88
125 90
125 5
125 18
125 111
125 60
125 15
125 26
125 37
126 86
126 20
126 19
126 99
126 75
126 37
126 66
126 29
126 40
126 121
126 20
126 18
126 4
126 38
126 89
126 87
126 72
126 19
126 93
126 31
126 1
126 61
126 88
126 120
126 37
126 98
126 58
126 61
126 124
126 104
126 102
126 110
126 103
126 63
126 45
126 123
126 46
126 127
126 24
126 81
126 43
126 64
126 7
126 46
126 19
126 8
126 75
126 105
126 49
126 73
126 100
126 73
126 116
126 26
126 56
126 125
126 27
126 92
126 26
126 15
127 4
127 96
127 86
127 14
127 22
127 105
127 118
127 41
127 102
127 2
127 26
127 18
127 96
127 10
127 14
127 11
127 18
127 12
127 18
127 97
127 38
127 73
127 105
127 21
127 93
127 17
127 40
127 123
127 70
127 124
127 125
127 21
127 77
127 127
127 7