5 6
5 108
5 99
5 15
5 124
5 102
5 102
5 72
5 29
5 86
5 107
5 76
5 73
5 113
5 67
5 64
5 2
5 10
5 28
5 23
5 12
5 9
5 31
5 18
5 112
5 42
5 25
5 40
5 53
5 74
5 99
5 14
5 78
5 35
5 112
5 32
5 49
5 60
5 123
5 4
5 76
5 78
5 87
5 125
5 65
5 61
5 19
5 98
5 64
5 34
5 119
5 89
5 117
5 82
5 101
5 45
5 78
5 112
5 43
5 124
5 124
5 116
6 102
6 55
6 61
6 27
6 2
6 112
6 110
6 77
6 110
6 16
6 53
6 59
6 87
6 95
6 23
6 49
6 38
6 84
6 27
6 111
6 62
6 49
6 49
6 5
6 43
6 44
6 108
6 9
6 45
6 49
6 70
6 36
6 51
6 2
6 72
6 106
6 28
6 114
6 33
6 62
6 8
6 12
6 21
6 31
6 90
6 71
6 64
6 37
6 54
6 118
6 25
6 59
6 67
6 82
6 78
6 44
6 2
6 46
6 91
6 49
7 7
7 44
7 82
7 38
7 79
7 92
7 29
7 21
7 110
7 127
7 108
7 61
7 105
7 47
7 57
7 83
7 107
7 21
7 67
7 26
7 118
7 90
7 20
7 54
7 110
7 75
7 59
7 48
7 54
7 106
7 80
7 126
7 37
7 118
7 70
7 97
7 29
7 4
7 120
7 52
7 74
7 7
7 101
7 72
7 2
7 94
7 15
7 86
7 99
7 103
7 112
7 81
7 48
7 50
7 88
7 48
7 104
7 30
7 69
7 49
8 127
8 23
8 23
8 8
8 79
8 111
8 118
8 41
8 72
8 66
8 70
8 47
8 20
8 64
8 54
8 61
8 102
8 48
8 21
8 101
8 72
8 37
8 54
8 2
8 77
8 92
8 108
8 121
8 121
8 28
8 118
8 89
8 46
8 33
8 60
8 36
8 75
8 108
8 126
8 63
8 115
8 6
8 33
8 116
8 31
8 26
8 95
8 51
8 17
8 89
8 19
8 25
8 55
8 32
8 20
8 66
8 2
8 103
8 85
8 49
9 61
9 53
9 35
9 109
9 104
9 122
9 29
9 96
9 101
9 124
9 40
9 41
9 46
9 7
9 39
9 14
9 123
9 57
9 54
9 100
9 34
9 4
9 92
9 72
9 54
9 16
9 22
9 91
9 75
9 65
9 11
9 90
9 118
9 86
9 89
9 93
9 37
9 70
9 64
9 11
9 73
9 26
9 112
9 42
9 51
9 91
9 14
9 113
9 31
9 41
9 91
9 52
9 45
9 88
9 89
9 41
9 114
9 41
9 97
9 16
10 60
10 42
10 101
10 1
10 93
10 72
10 76
10 99
10 116
10 127
10 104
10 75
10 49
10 43
10 13
10 68
10 39
10 67
10 73
10 63
10 85
10 40
10 2
10 26
10 105
10 109
10 15
10 66
10 54
10 113
10 107
10 86
10 84
10 126
10 58
10 97
10 86
10 43
10 40
10 24
10 109
10 122
10 90
10 16
10 82
10 56
10 79
10 84
10 29
10 17
10 70
10 92
10 75
10 103
10 86
10 31
10 114
10 110
10 5
10 6
11 67
11 88
11 56
11 124
11 65
11 110
11 14
11 67
11 99
11 111
11 13
11 117
11 25
11 68
11 122
11 8
11 75
11 32
11 101
11 87
11 118
11 30
11 84
11 10
11 74
11 40
11 38
11 114
11 96
11 106
11 44
11 80
11 68
11 45
11 45
11 108
11 86
11 35
11 57
11 61
11 27
11 113
11 43
11 125
11 21
11 10
11 34
11 111
11 104
11 98
11 74
11 44
11 94
11 121
11 27
11 67
11 29
11 45
11 39
11 71
12 41
12 77
12 53
12 19
12 99
12 2
12 93
12 34
12 17
12 96
12 38
12 127
12 47
12 107
12 57
12 23
12 77
12 3
12 101
12 124
12 37
12 123
12 37
12 26
12 26
12 73
12 99
12 49
12 110
12 50
12 28
12 48
12 5
12 80
12 8
12 16
12 84
12 104
12 21
12 83
12 76
12 108
12 94
12 26
12 4
12 77
12 40
12 67
12 39
12 82
12 59
12 8
12 120
12 19
12 1
12 97
12 88
12 99
12 102
12 94
13 76
13 113
13 103
13 92
13 41
13 27
13 43
13 57
13 67
13 16
13 92
13 34
13 84
13 118
13 24
13 86
13 88
13 15
13 124
13 24
13 107
13 93
13 44
13 105
13 93
13 41
13 1
13 29
13 15
13 64
13 101
13 21
13 49
13 32
13 3
13 56
13 117
13 36
13 115
13 12
13 107
13 103
13 85
13 29
13 35
13 2
13 46
13 86
13 93
13 126
13 7
13 100
13 12
13 111
13 91
13 127
13 46
13 8
13 112
13 123
14 111
14 115
14 28
14 68
14 8
14 48
14 110
14 81
14 73
14 2
14 37
14 49
14 35
14 52
14 14
14 30
14 59
14 70
14 125
14 78
14 77
14 19
14 4
14 10
14 103
14 79
14 66
14 88
14 126
14 12
14 35
14 119
14 59
14 37
14 115
14 7
14 32
14 97
14 3
14 9
14 2
14 114
14 114
14 2
14 120
14 49
14 115
14 9
14 74
14 92
14 121
14 19
14 26
14 55
14 111
14 118
14 113
14 73
14 41
14 117
15 104
15 70
15 61
15 22
15 56
15 91
15 127
15 34
15 14
15 19
15 47
15 100
15 111
15 4
15 55
15 38
15 100
15 47
15 55
15 65
15 57
15 123
15 59
15 49
15 92
15 38
15 93
15 79
15 95
15 56
15 103
15 69
15 14
15 10
15 75
15 27
15 11
15 8
15 96
15 85
15 78
15 37
15 71
15 31
15 124
15 59
15 84
15 112
15 115
15 104
15 55
15 93
15 22
15 56
15 42
15 121
15 99
15 40
15 36
15 44
15 46
15 117
16 15
16 11
16 106
16 59
16 101
16 107
16 40
16 78
16 46
16 17
16 53
16 93
16 108
16 2
16 121
16 79
16 91
16 37
16 116
16 17
16 52
16 86
16 57
16 106
16 61
16 82
16 38
16 87
16 34
16 38
16 36
16 72
16 113
16 98
16 72
16 44
16 124
16 54
16 60
16 74
16 97
16 120
16 16
16 20
16 121
16 124
16 15
16 63
16 103
16 46
16 88
16 86
16 59
16 121
16 74
16 9
16 91
16 103
17 100
17 101
17 62
17 49
17 24
17 47
17 28
17 100
17 34
17 125
17 94
17 35
17 53
17 5
17 77
17 22
17 20
17 17
17 109
17 73
17 97
17 20
17 33
17 85
17 112
17 121
17 119
17 24
17 95
17 93
17 124
17 69
17 66
17 62
17 41
17 64
17 93
17 27
17 88
17 3
17 83
17 7
17 115
17 82
17 127
17 1
17 6
17 54
17 96
17 63
17 124
17 36
17 27
17 7
17 53
17 117
17 46
17 121
17 7
17 80
18 119
18 95
18 7
18 10
18 42
18 33
18 51
18 68
18 83
18 35
18 77
18 17
18 119
18 24
18 36
18 111
18 10
18 34
18 27
18 20
18 20
18 118
18 96
18 32
18 12
18 116
18 40
18 48
18 27
18 94
18 97
18 79
18 43
18 107
18 90
18 62
18 15
18 16
18 56
18 7
18 122
18 118
18 123
18 1
18 68
18 7
18 43
18 99
18 37
18 2
18 76
18 35
18 2
18 104
18 61
18 32
18 105
18 49
18 8
18 124
18 102
19 87
19 100
19 78
19 22
19 118
19 42
19 66
19 90
19 106
19 19
19 31
19 111
19 55
19 39
19 52
19 127
19 80
19 15
19 68
19 98
19 119
19 65
19 58
19 13
19 24
19 17
19 25
19 36
19 96
19 39
19 9
19 112
19 95
19 84
19 77
19 47
19 87
19 122
19 88
19 104
19 36
19 71
19 112
19 67
19 31
19 105
19 26
19 46
19 121
19 30
19 58
19 68
19 20
19 91
19 102
19 80
19 68
19 98
19 114
19 120
20 60
20 126
20 26
20 83
20 12
20 119
20 99
20 81
20 25
20 100
20 98
20 55
20 108
20 19
20 73
20 121
20 12
20 62
20 58
20 87
20 65
20 45
20 69
20 78
20 83
20 29
20 34
20 122
20 37
20 82
20 38
20 117
20 46
20 38
20 53
20 77
20 24
20 93
20 28
20 25
20 41
20 5
20 55
20 14
20 27
20 122
20 62
20 13
20 118
20 10
20 45
20 51
20 41
20 108
20 55
20 5
20 98
20 102
20 110
21 48
21 114
21 111
21 124
21 24
21 45
21 98
21 60
21 70
21 77
21 97
21 115
21 18
21 94
21 100
21 46
21 6
21 112
21 38
21 29
21 71
21 58
21 84
21 55
21 120
21 126
21 3
21 126
21 107
21 29
21 73
21 115
21 102
21 9
21 61
21 78
21 88
21 47
21 71
21 62
21 112
21 99
21 82
21 91
21 88
21 2
21 113
21 120
21 18
21 98
21 80
21 63
21 1
21 26
21 50
21 54
21 8
21 105
21 3
21 14
21 43
21 125
21 46
22 67
22 126
22 17
22 105
22 24
22 27
22 6
22 79
22 25
22 15
22 76
22 114
22 65
22 113
22 97
22 12
22 77
22 90
22 119
22 108
22 48
22 58
22 62
22 124
22 107
22 36
22 91
22 99
22 83
22 73
22 94
22 30
22 54
22 115
22 15
22 96
22 98
22 71
22 41
22 124
22 110
22 47
22 56
22 110
22 12
22 10
22 94
22 76
22 82
22 28
22 50
22 90
22 19
22 74
22 107
22 22
22 38
22 64
23 93
23 70
23 37
23 78
23 108
23 20
23 96
23 57
23 100
23 63
23 9
23 105
23 14
23 125
23 28
23 15
23 47
23 64
23 27
23 118
23 41
23 33
23 92
23 16
23 108
23 123
23 43
23 67
23 118
23 124
23 25
23 81
23 113
23 97
23 45
23 3
23 96
23 16
23 117
23 99
23 103
23 46
23 79
23 114
23 38
23 33
23 66
23 94
23 85
23 4
23 97
23 77
23 115
23 125
23 32
23 72
23 14
23 19
23 36
23 104
23 104
23 104
23 17
24 100
24 59
24 89
24 55
24 63
24 69
24 48
24 74
24 91
24 96
24 25
24 112
24 90
24 101
24 124
24 113
24 34
24 26
24 50
24 92
24 90
24 57
24 57
24 78
24 19
24 21
24 79
24 20
24 19
24 39
24 127
24 17
24 39
24 7
24 9
24 90
24 43
24 27
24 40
24 121
24 90
24 21
24 126
24 6
24 104
24 74
24 91
24 110
24 59
24 41
24 73
24 112
24 82
24 106
24 106
24 79
25 4
25 37
25 42
25 43
25 79
25 9
25 78
25 45
25 97
25 21
25 46
25 38
25 30
25 119
25 69
25 14
25 66
25 56
25 20
25 28
25 127
25 110
25 16
25 41
25 44
25 55
25 64
25 107
25 39
25 127
25 92
25 104
25 94
25 92
25 36
25 106
25 78
25 92
25 108
25 53
25 97
25 39
25 72
25 127
25 95
25 19
25 39
25 117
25 75
25 73
25 47
25 29
25 124
25 119
25 113
25 28
25 15
25 55
25 60
25 68
26 82
26 68
26 25
26 78
26 51
26 8
26 23
26 2
26 20
26 121
26 92
26 73
26 14
26 81
26 102
26 65
26 98
26 40
26 43
26 22
26 123
26 49
26 103
26 17
26 50
26 103
26 114
26 72
26 118
26 9
26 6
26 101
26 80
26 27
26 24
26 64
26 124
26 12
26 33
26 77
26 29
26 91
26 24
26 111
26 112
26 124
26 72
26 97
26 5
26 25
26 126
26 113
26 77
26 36
26 30
26 73
26 41
26 13
26 33
26 71
26 61
26 127
26 23
27 95
27 85
27 4
27 98
27 88
27 39
27 120
27 25
27 26
27 29
27 96
27 3
27 84
27 2
27 115
27 24
27 85
27 112
27 92
27 13
27 104
27 96
27 101
27 76
27 76
27 127
27 92
27 69
27 110
27 68
27 70
27 52
27 31
27 108
27 59
27 18
27 68
27 85
27 61
27 42
27 89
27 71
27 123
27 49
27 46
27 57
27 53
27 36
27 48
27 88
27 31
27 60
27 4
27 107
27 38
27 72
27 107
27 124
27 78
28 110
28 3
28 13
28 36
28 5
28 94
28 1
28 49
28 9
28 39
28 16
28 105
28 43
28 127
28 65
28 44
28 103
28 112
28 118
28 27
28 28
28 57
28 93
28 112
28 94
28 113
28 47
28 24
28 120
28 17
28 90
28 18
28 114
28 105
28 7
28 105
28 98
28 110
28 75
28 107
28 42
28 9
28 64
28 45
28 56
28 31
28 8
28 124
28 83
28 46
28 55
28 78
28 60
28 71
28 17
28 124
28 73
28 6
28 19
29 107
29 16
29 52
29 89
29 60
29 87
29 86
29 6
29 75
29 2
29 20
29 80
29 46
29 118
29 61
29 13
29 113
29 39
29 8
29 45
29 38
29 35
29 58
29 114
29 111
29 50
29 87
29 65
29 8
29 124
29 64
29 63
29 81
29 47
29 125
29 76
29 104
29 81
29 124
29 67
29 84
29 115
29 88
29 50
29 40
29 49
29 61
29 20
29 92
29 56
29 41
29 48
29 51
29 117
29 23
29 38
29 77
29 32
29 123
29 14
29 25
30 31
30 95
30 86
30 44
30 76
30 7
30 112
30 94
30 33
30 75
30 6
30 3
30 62
30 76
30 107
30 67
30 86
30 82
30 101
30 94
30 85
30 8
30 53
30 1
30 12
30 16
30 118
30 26
30 46
30 87
30 99
30 24
30 33
30 39
30 98
30 5
30 69
30 33
30 34
30 127
30 29
30 99
30 43
30 124
30 95
30 46
30 95
30 101
30 30
30 7
30 113
30 12
30 43
30 90
30 38
30 115
30 50
30 47
31 104
31 25
31 55
31 3
31 95
31 20
31 112
31 127
31 109
31 53
31 37
31 69
31 72
31 19
31 91
31 58
31 52
31 65
31 86
31 123
31 7
31 105
31 94
31 45
31 25
31 66
31 48
31 28
31 43
31 79
31 5
31 115
31 15
31 55
31 87
31 108
31 4
31 13
31 118
31 59
31 87
31 127
31 2
31 24
31 109
31 28
31 34
31 108
31 80
31 61
31 77
31 104
31 100
31 87
31 75
31 18
31 79
31 86
31 87
31 9
32 57
32 50
32 64
32 63
32 104
32 26
32 124
32 31
32 80
32 94
32 21
32 43
32 71
32 84
32 95
32 97
32 73
32 100
32 95
32 120
32 32
32 117
32 15
32 37
32 89
32 42
32 119
32 16
32 50
32 117
32 48
32 64
32 61
32 51
32 13
32 95
32 25
32 34
32 127
32 13
32 123
32 102
32 74
32 43
32 6
32 38
32 14
32 3
32 82
32 104
32 106
32 96
32 74
32 13
32 14
32 97
32 86
32 116
32 61
32 116
33 6
33 34
33 61
33 101
33 39
33 22
33 34
33 83
33 70
33 75
33 30
33 12
33 2
33 127
33 112
33 29
33 64
33 120
33 82
33 41
33 32
33 90
33 61
33 26
33 21
33 120
33 31
33 78
33 3
33 67
33 43
33 55
33 69
33 26
33 66
33 67
33 119
33 78
33 36
33 76
33 73
33 9
33 84
33 49
33 38
33 43
33 51
33 20
33 117
33 87
33 37
33 70
33 121
33 69
33 119
33 67
33 76
33 3
33 89
33 88
34 74
34 69
34 108
34 66
34 108
34 114
34 23
34 125
34 38
34 86
34 35
34 88
34 103
34 12
34 65
34 71
34 54
34 44
34 83
34 27
34 30
34 21
34 103
34 38
34 91
34 110
34 88
34 5
34 10
34 6
34 97
34 46
34 58
34 64
34 95
34 72
34 26
34 98
34 92
34 47
34 87
34 34
34 72
34 78
34 97
34 84
34 16
34 92
34 96
34 57
34 80
34 64
34 57
34 43
34 123
34 84
34 88
34 34
34 7
34 124
34 114
35 39
35 31
35 15
35 73
35 13
35 53
35 24
35 15
35 84
35 101
35 33
35 59
35 126
35 60
35 20
35 21
35 7
35 42
35 123
35 97
35 74
35 1
35 92
35 71
35 29
35 34
35 65
35 3
35 120
35 107
35 85
35 124
35 21
35 5
35 32
35 13
35 99
35 114
35 42
35 33
35 22
35 39
35 10
35 9
35 103
35 49
35 84
35 96
35 102
35 22
35 85
35 87
35 11
35 47
35 70
35 88
35 59
35 50
35 3
36 32
36 45
36 97
36 78
36 116
36 104
36 118
36 105
36 34
36 2
36 59
36 73
36 81
36 53
36 79
36 22
36 120
36 40
36 48
36 24
36 97
36 90
36 73
36 85
36 32
36 57
36 111
36 96
36 96
36 94
36 115
36 12
36 28
36 24
36 105
36 24
36 122
36 42
36 51
36 122
36 21
36 108
36 1
36 69
36 62
36 101
36 108
36 117
36 113
36 127
36 116
36 95
36 76
36 18
36 85
36 67
36 21
36 116
36 17
36 40
36 72
37 32
37 75
37 55
37 27
37 123
37 91
37 57
37 107
37 31
37 86
37 22
37 126
37 120
37 116
37 23
37 7
37 54
37 6
37 49
37 78
37 115
37 1
37 3
37 91
37 35
37 89
37 100
37 47
37 98
37 8
37 34
37 122
37 50
37 73
37 8
37 103
37 34
37 59
37 13
37 33
37 113
37 17
37 36
37 115
37 29
37 30
37 118
37 2
37 17
37 81
37 7
37 3
37 65
37 39
37 42
37 54
37 124
37 88
37 67
38 32
38 28
38 65
38 125
38 108
38 81
38 24
38 49
38 55
38 89
38 8
38 47
38 35
38 56
38 22
38 68
38 86
38 72
38 31
38 6
38 79
38 111
38 33
38 11
38 64
38 76
38 26
38 115
38 31
38 62
38 54
38 35
38 127
38 4
38 38
38 69
38 55
38 54
38 118
38 82
38 75
38 37
38 53
38 87
38 40
38 6
38 36
38 81
38 87
38 50
38 90
38 46
38 56
38 53
38 52
38 111
38 29
38 3
38 44
38 110
38 124
38 7
39 44
39 66
39 114
39 74
39 94
39 30
39 113
39 27
39 73
39 65
39 102
39 51
39 109
39 76
39 118
39 14
39 110
39 55
39 98
39 77
39 99
39 72
39 91
39 115
39 52
39 17
39 102
39 105
39 117
39 16
39 116
39 101
39 34
39 44
39 29
39 43
39 2
39 3
39 16
39 42
39 88
39 85
39 44
39 108
39 36
39 82
39 50
39 121
39 96
39 74
39 113
39 110
39 4
39 90
39 115
39 1
39 89
39 93
39 58
39 111
39 81
40 22
40 67
40 94
40 125
40 93
40 66
40 126
40 119
40 95
40 74
40 108
40 35
40 106
40 38
40 9
40 9
40 33
40 60
40 85
40 13
40 90
40 96
40 5
40 21
40 104
40 66
40 85
40 28
40 67
40 104
40 40
40 79
40 1
40 109
40 40
40 58
40 116
40 81
40 69
40 76
40 18
40 41
40 74
40 15
40 123
40 38
40 15
40 36
40 63
40 22
40 73
40 99
40 7
40 76
40 2
40 77
40 10
41 85
41 50
41 121
41 64
41 44
41 37
41 83
41 14
41 98
41 86
41 94
41 104
41 57
41 88
41 51
41 76
41 109
41 115
41 30
41 26
41 98
41 76
41 92
41 127
41 36
41 107
41 15
41 16
41 56
41 2
41 106
41 127
41 81
41 57
41 66
41 76
41 31
41 22
41 19
41 52
41 115
41 118
41 82
41 49
41 32
41 78
41 92
41 58
41 7
41 44
41 85
41 28
41 93
41 97
41 49
41 93
41 39
41 96
41 32
41 83
42 16
42 101
42 84
42 65
42 2
42 101
42 75
42 85
42 127
42 120
42 87
42 54
42 107
42 115
42 117
42 102
42 50
42 81
42 18
42 23
42 123
42 55
42 34
42 27
42 125
42 73
42 125
42 45
42 103
42 99
42 61
42 55
42 9
42 53
42 120
42 97
42 105
42 52
42 54
42 38
42 31
42 94
42 9
42 68
42 123
42 92
42 126
42 97
42 121
42 118
42 99
42 26
42 79
42 99
42 83
42 6
42 39
42 28
42 69
42 77
43 4
43 108
43 10
43 39
43 116
43 23
43 95
43 93
43 19
43 124
43 52
43 61
43 52
43 55
43 87
43 98
43 46
43 15
43 89
43 103
43 28
43 81
43 73
43 44
43 11
43 12
43 70
43 21
43 99
43 1
43 66
43 8
43 59
43 72
43 52
43 43
43 98
43 66
43 73
43 7
43 37
43 111
43 51
43 40
43 110
43 12
43 119
43 75
43 35
43 76
43 114
43 73
43 65
43 119
43 87
43 126
43 87
43 113
43 83
43 58
43 127
43 52
43 111
44 31
44 40
44 81
44 5
44 19
44 52
44 72
44 111
44 50
44 85
44 66
44 39
44 77
44 108
44 53
44 35
44 58
44 50
44 98
44 19
44 64
44 123
44 30
44 33
44 6
44 83
44 48
44 122
44 42
44 101
44 60
44 110
44 74
44 114
44 73
44 24
44 54
44 104
44 99
44 66
44 22
44 21
44 68
44 82
44 88
44 49
44 43
44 36
44 113
44 4
44 24
44 103
44 4
44 25
44 61
44 89
44 99
44 5
45 7
45 108
45 107
45 71
45 35
45 101
45 97
45 12
45 108
45 83
45 108
45 21
45 3
45 5
45 20
45 11
45 84
45 60
45 86
45 103
45 60
45 84
45 31
45 21
45 30
45 10
45 42
45 51
45 94
45 104
45 13
45 80
45 91
45 96
45 127
45 99
45 12
45 6
45 41
45 117
45 29
45 41
45 91
45 40
45 22
45 6
45 27
45 13
45 90
45 111
45 117
45 96
45 90
45 102
45 18
45 36
45 17
45 14
45 31
46 74
46 92
46 121
46 99
46 78
46 21
46 21
46 1
46 97
46 96
46 9
46 52
46 122
46 114
46 16
46 9
46 115
46 56
46 31
46 30
46 66
46 110
46 97
46 116
46 108
46 86
46 52
46 39
46 20
46 94
46 52
46 55
46 62
46 12
46 10
46 3
46 114
46 30
46 5
46 6
46 86
46 45
46 59
46 75
46 110
46 110
46 9
46 13
46 92
46 114
46 61
46 21
46 68
46 52
46 30
46 52
46 18
46 65
46 2
46 126
47 118
47 41
47 108
47 22
47 35
47 81
47 13
47 18
47 77
47 117
47 115
47 88
47 61
47 21
47 42
47 58
47 44
47 79
47 49
47 3
47 98
47 20
47 65
47 25
47 27
47 120
47 88
47 53
47 21
47 6
47 102
47 49
47 37
47 8
47 17
47 117
47 24
47 63
47 88
47 5
47 99
47 122
47 31
47 86
47 70
47 69
47 6
47 112
47 123
47 9
47 71
47 93
47 14
47 70
47 92
47 58
47 32
47 38
47 6
47 25
48 102
48 54
48 3
48 39
48 31
48 110
48 61
48 24
48 23
48 5
48 7
48 82
48 92
48 74
48 10
48 77
48 19
48 88
48 86
48 119
48 58
48 70
48 12
48 33
48 60
48 90
48 108
48 4
48 69
48 51
48 125
48 57
48 123
48 71
48 11
48 17
48 60
48 20
48 17
48 40
48 46
48 76
48 16
48 107
48 105
48 79
48 9
48 36
48 87
48 57
48 31
48 102
48 123
48 27
48 28
48 8
48 4
48 73
48 51
48 24
48 105
48 122
49 36
49 62
49 118
49 55
49 17
49 114
49 49
49 17
49 99
49 40
49 37
49 99
49 120
49 36
49 118
49 74
49 27
49 33
49 35
49 114
49 98
49 34
49 7
49 49
49 12
49 112
49 38
49 56
49 4
49 63
49 4
49 14
49 32
49 95
49 25
49 52
49 113
49 49
49 3
49 19
49 71
49 84
49 92
49 127
49 50
49 86
49 124
49 48
49 75
49 56
49 70
49 38
49 117
49 113
49 16
49 74
49 117
49 60
50 80
50 123
50 37
50 57
50 5
50 69
50 112
50 28
50 95
50 44
50 35
50 96
50 120
50 56
50 94
50 122
50 14
50 21
50 90
50 31
50 88
50 43
50 114
50 100
50 20
50 71
50 113
50 110
50 66
50 7
50 20
50 124
50 122
50 40
50 44
50 36
50 6
50 70
50 101
50 10
50 13
50 99
50 90
50 86
50 65
50 75
50 33
50 51
50 3
50 17
50 57
50 78
50 106
50 19
50 102
50 87
50 1
50 2
50 125
50 121
51 52
51 37
51 90
51 40
51 16
51 65
51 52
51 118
51 50
51 85
51 19
51 83
51 77
51 85
51 87
51 46
51 37
51 23
51 81
51 57
51 98
51 15
51 57
51 66
51 53
51 94
51 74
51 31
51 40
51 103
51 35
51 23
51 41
51 84
51 97
51 80
51 54
51 33
51 43
51 70
51 105
51 117
51 116
51 7
51 67
51 101
51 55
51 122
51 41
51 93
51 107
51 21
51 78
51 9
51 101
51 1
51 50
51 84
51 1
51 45
51 117
52 95
52 74
52 25
52 32
52 32
52 97
52 80
52 66
52 3
52 73
52 23
52 116
52 14
52 58
52 26
52 44
52 104
52 124
52 27
52 38
52 9
52 101
52 94
52 99
52 108
52 114
52 67
52 5
52 94
52 83
52 90
52 119
52 38
52 115
52 77
52 86
52 61
52 56
52 112
52 81
52 55
52 69
52 23
52 38
52 116
52 42
52 93
52 35
52 87
52 80
52 75
52 27
52 62
52 118
52 14
52 84
52 28
52 27
52 77
53 76
53 17
53 117
53 11
53 72
53 85
53 99
53 53
53 8
53 72
53 70
53 70
53 40
53 118
53 86
53 33
53 12
53 85
53 53
53 14
53 109
53 7
53 125
53 51
53 106
53 31
53 62
53 46
53 43
53 14
53 13
53 112
53 105
53 20
53 61
53 91
53 31
53 110
53 33
53 121
53 82
53 35
53 54
53 74
53 65
53 39
53 34
53 21
53 38
53 82
53 99
53 24
53 33
53 94
53 36
53 61
53 6
53 39
53 107
53 16
53 45
54 95
54 109
54 73
54 86
54 8
54 127
54 96
54 52
54 72
54 64
54 69
54 6
54 51
54 87
54 23
54 76
54 50
54 90
54 95
54 126
54 37
54 113
54 75
54 77
54 124
54 2
54 58
54 41
54 73
54 91
54 89
54 80
54 115
54 98
54 25
54 122
54 37
54 64
54 94
54 126
54 94
54 51
54 83
54 5
54 22
54 11
54 18
54 56
54 86
54 50
54 55
54 9
54 89
54 20
54 127
54 28
54 108
54 114
54 65
54 77
55 65
55 107
55 120
55 89
55 123
55 27
55 22
55 124
55 34
55 123
55 6
55 89
55 112
55 62
55 81
55 9
55 118
55 10
55 24
55 59
55 126
55 62
55 15
55 56
55 126
55 83
55 126
55 2
55 113
55 123
55 89
55 78
55 17
55 25
55 69
55 76
55 41
55 71
55 100
55 3
55 124
55 65
55 4
55 68
55 99
55 54
55 59
55 27
55 102
55 65
55 121
55 53
55 83
55 113
55 89
55 56
55 90
55 54
55 124
56 73
56 116
56 113
56 74
56 5
56 121
56 112
56 78
56 31
56 62
56 126
56 97
56 28
56 56
56 8
56 119
56 17
56 26
56 56
56 57
56 100
56 127
56 118
56 57
56 98
56 119
56 104
56 62
56 19
56 42
56 18
56 78
56 62
56 21
56 108
56 26
56 70
56 110
56 53
56 30
56 91
56 111
56 33
56 109
56 115
56 24
56 39
56 97
56 25
56 26
56 10
56 14
56 114
56 48
56 2
56 16
56 91
56 9
56 102
56 41
57 61
57 29
57 18
57 55
57 81
57 43
57 54
57 14
57 19
57 14
57 42
57 83
57 85
57 12
57 78
57 52
57 90
57 59
57 66
57 53
57 122
57 34
57 122
57 88
57 15
57 29
57 6
57 55
57 4
57 82
57 23
57 91
57 38
57 35
57 81
57 24
57 28
57 73
57 60
57 79
57 7
57 85
57 60
57 14
57 39
57 15
57 79
57 46
57 19
57 104
57 54
57 66
57 42
57 27
57 34
57 89
57 106
57 85
57 37
57 101
57 11
57 84
58 75
58 49
58 67
58 114
58 10
58 91
58 108
58 115
58 40
58 47
58 91
58 9
58 48
58 82
58 11
58 36
58 13
58 1
58 75
58 120
58 10
58 24
58 52
58 55
58 47
58 64
58 52
58 90
58 10
58 96
58 106
58 48
58 18
58 105
58 23
58 69
58 31
58 88
58 43
58 1
58 8
58 106
58 100
58 74
58 124
58 114
58 113
58 30
58 118
58 125
58 62
58 18
58 76
58 125
58 1
58 9
58 57
58 4
58 49
59 51
59 60
59 7
59 67
59 111
59 61
59 127
59 74
59 3
59 67
59 51
59 62
59 18
59 36
59 115
59 32
59 63
59 107
59 97
59 122
59 75
59 10
59 70
59 77
59 38
59 55
59 8
59 50
59 45
59 113
59 65
59 67
59 33
59 97
59 66
59 87
59 87
59 49
59 52
59 125
59 112
59 92
59 83
59 5
59 26
59 94
59 106
59 17
59 120
59 84
59 3
59 71
59 122
59 15
59 105
59 114
59 89
59 107
59 79
59 27
60 127
60 100
60 22
60 53
60 100
60 47
60 94
60 122
60 21
60 61
60 57
60 106
60 104
60 24
60 107
60 51
60 116
60 52
60 69
60 20
60 46
60 116
60 35
60 68
60 79
60 102
60 56
60 4
60 109
60 27
60 87
60 40
60 124
60 67
60 23
60 90
60 9
60 80
60 126
60 1
60 17
60 52
60 103
60 98
60 117
60 46
60 73
60 74
60 28
60 81
60 69
60 88
60 8
60 54
60 78
60 96
60 72
60 109
60 9
61 16
61 112
61 20
61 122
61 85
61 105
61 86
61 49
61 82
61 100
61 60
61 75
61 109
61 119
61 95
61 122
61 94
61 88
61 81
61 80
61 91
61 100
61 29
61 104
61 1
61 1
61 34
61 101
61 46
61 120
61 28
61 29
61 7
61 26
61 24
61 54
61 38
61 118
61 41
61 59
61 92
61 29
61 26
61 83
61 120
61 28
61 79
61 68
61 60
61 65
61 93
61 97
61 38
61 89
61 45
61 4
61 19
61 127
61 77
61 121
62 78
62 13
62 9
62 29
62 26
62 6
62 64
62 58
62 86
62 40
62 117
62 16
62 63
62 55
62 57
62 106
62 16
62 60
62 114
62 119
62 18
62 91
62 103
62 63
62 119
62 89
62 110
62 83
62 65
62 12
62 44
62 124
62 42
62 110
62 103
62 45
62 69
62 63
62 84
62 60
62 119
62 91
62 11
62 82
62 112
62 104
62 36
62 31
62 8
62 33
62 84
62 5
62 95
62 57
62 74
62 114
62 82
62 27
62 117
62 20
63 36
63 39
63 93
63 120
63 52
63 48
63 96
63 123
63 49
63 14
63 7
63 115
63 76
63 32
63 19
63 94
63 70
63 61
63 20
63 12
63 63
63 64
63 89
63 115
63 57
63 68
63 28
63 50
63 126
63 55
63 54
63 56
63 77
63 116
63 44
63 48
63 83
63 119
63 36
63 116
63 26
63 74
63 91
63 79
63 18
63 57
63 110
63 80
63 23
63 24
63 42
63 27
63 87
63 105
63 33
63 2
63 70
63 47
63 73
63 86
63 49
63 53
63 112
64 37
64 62
64 42
64 39
64 22
64 12
64 126
64 89
64 4
64 122
64 76
64 117
64 94
64 9
64 125
64 31
64 17
64 28
64 16
64 26
64 50
64 15
64 14
64 57
64 105
64 61
64 72
64 33
64 125
64 99
64 26
64 29
64 7
64 87
64 62
64 100
64 84
64 47
64 39
64 23
64 77
64 102
64 25
64 75
64 119
64 122
64 33
64 77
64 40
64 75
64 7
64 17
64 15
64 120
64 27
64 21
64 26
64 49
64 14
65 27
65 115
65 63
65 25
65 126
65 100
65 2
65 101
65 84
65 127
65 46
65 20
65 32
65 72
65 75
65 30
65 42
65 23
65 50
65 87
65 96
65 61
65 23
65 111
65 21
65 84
65 59
65 97
65 56
65 71
65 66
65 65
65 62
65 8
65 67
65 73
65 86
65 41
65 18
65 7
65 104
65 41
65 117
65 42
65 62
65 83
65 44
65 25
65 117
65 39
65 14
65 123
65 110
65 59
65 30
65 111
65 88
65 43
66 86
66 82
66 21
66 64
66 58
66 8
66 119
66 111
66 112
66 8
66 70
66 26
66 29
66 104
66 110
66 75
66 39
66 4
66 68
66 52
66 57
66 79
66 24
66 42
66 40
66 100
66 114
66 78
66 25
66 2
66 65
66 87
66 27
66 95
66 67
66 46
66 117
66 90
66 86
66 112
66 105
66 21
66 104
66 3
66 68
66 65
66 117
66 121
66 109
66 45
66 92
66 37
66 5
66 14
66 111
66 121
66 67
66 63
66 78
66 78
66 27
66 86
66 55
66 37
66 20
66 86
67 42
67 58
67 89
67 69
67 4
67 7
67 66
67 51
67 38
67 56
67 100
67 91
67 17
67 45
67 100
67 8
67 32
67 123
67 124
67 113
67 83
67 57
67 16
67 83
67 89
67 19
67 24
67 81
67 3
67 97
67 13
67 70
67 82
67 80
67 126
67 26
67 104
67 74
67 68
67 56
67 112
67 87
67 122
67 97
67 125
67 92
67 73
67 108
67 90
67 93
67 24
67 29
67 98
67 84
68 51
68 45
68 14
68 110
68 13
68 84
68 13
68 20
68 33
68 95
68 61
68 21
68 60
68 8
68 44
68 1
68 74
68 88
68 57
68 8
68 112
68 6
68 99
68 60
68 122
68 49
68 65
68 87
68 18
68 99
68 66
68 87
68 34
68 12
68 21
68 99
68 86
68 6
68 22
68 14
68 78
68 33
68 31
68 124
68 2
68 15
68 83
68 120
68 1
68 97
68 88
68 25
68 53
68 22
68 9
68 124
68 46
68 55
68 99
68 89
69 64
69 114
69 86
69 42
69 55
69 1
69 36
69 37
69 84
69 88
69 41
69 41
69 97
69 50
69 1
69 125
69 109
69 62
69 7
69 36
69 21
69 112
69 49
69 71
69 16
69 3
69 114
69 124
69 58
69 109
69 41
69 57
69 39
69 47
69 26
69 34
69 87
69 5
69 73
69 80
69 46
69 91
69 108
69 124
69 43
69 9
69 14
69 55
69 39
69 91
69 37
69 123
69 64
69 117
69 117
69 37
69 54
69 50
69 9
69 103
69 104
70 72
70 5
70 20
70 16
70 26
70 95
70 114
70 56
70 110
70 76
70 31
70 101
70 112
70 15
70 67
70 78
70 125
70 100
70 97
70 60
70 118
70 82
70 16
70 29
70 53
70 10
70 125
70 54
70 43
70 36
70 97
70 124
70 93
70 11
70 87
70 60
70 106
70 71
70 89
70 35
70 108
70 71
70 46
70 96
70 96
70 127
70 104
70 21
70 97
70 72
70 71
70 107
70 83
70 77
70 93
70 41
70 74
70 16
70 22
70 25
70 91
71 67
71 44
71 4
71 74
71 12
71 46
71 15
71 78
71 18
71 77
71 20
71 13
71 40
71 54
71 77
71 109
71 66
71 106
71 82
71 55
71 117
71 94
71 30
71 39
71 115
71 87
71 59
71 99
71 114
71 15
71 112
71 99
71 2
71 52
71 104
71 20
71 11
71 97
71 84
71 87
71 114
71 75
71 4
71 9
71 112
71 126
71 91
71 110
71 98
71 63
71 79
71 101
71 41
71 88
71 31
71 103
71 109
71 50
71 99
71 77
72 29
72 65
72 81
72 74
72 117
72 49
72 97
72 32
72 88
72 69
72 84
72 29
72 49
72 85
72 107
72 18
72 22
72 91
72 54
72 86
72 3
72 39
72 44
72 85
72 100
72 21
72 79
72 108
72 42
72 17
72 84
72 68
72 32
72 69
72 120
72 67
72 73
72 42
72 45
72 124
72 109
72 126
72 105
72 90
72 6
72 5
72 28
72 12
72 58
72 98
72 103
72 47
72 54
72 78
72 100
72 87
72 57
72 14
73 50
73 63
73 78
73 57
73 25
73 87
73 70
73 49
73 85
73 6
73 15
73 68
73 6
73 90
73 107
73 57
73 4
73 60
73 4
73 104
73 13
73 61
73 43
73 55
73 88
73 56
73 93
73 40
73 38
73 109
73 37
73 102
73 61
73 79
73 87
73 124
73 71
73 113
73 30
73 57
73 101
73 27
73 53
73 40
73 127
73 103
73 68
73 60
73 127
73 75
73 49
73 39
73 125
73 60
73 4
73 11
73 99
73 88
73 7
73 10
73 31
73 16
73 49
74 42
74 69
74 23
74 43
74 52
74 77
74 114
74 1
74 116
74 60
74 98
74 64
74 17
74 29
74 102
74 102
74 56
74 36
74 102
74 25
74 107
74 77
74 72
74 32
74 43
74 73
74 115
74 106
74 27
74 19
74 17
74 48
74 33
74 3
74 8
74 73
74 107
74 19
74 70
74 12
74 50
74 33
74 75
74 114
74 64
74 106
74 78
74 70
74 11
74 48
74 71
74 122
74 72
74 20
74 40
74 53
74 63
74 103
75 9
75 62
75 103
75 17
75 45
75 84
75 50
75 32
75 47
75 40
75 14
75 103
75 95
75 93
75 82
75 70
75 89
75 30
75 119
75 43
75 33
75 1
75 56
75 92
75 50
75 86
75 70
75 88
75 74
75 118
75 47
75 16
75 36
75 69
75 11
75 124
75 5
75 2
75 93
75 87
75 121
75 49
75 28
75 84
75 102
75 99
75 51
75 100
75 27
75 54
75 69
75 97
75 99
75 60
75 78
75 102
75 71
75 114
75 40
75 6
75 35
76 81
76 12
76 26
76 40
76 28
76 57
76 61
76 26
76 118
76 70
76 19
76 55
76 72
76 118
76 93
76 58
76 124
76 115
76 69
76 90
76 110
76 25
76 28
76 32
76 43
76 119
76 47
76 71
76 88
76 96
76 83
76 66
76 119
76 75
76 104
76 11
76 102
76 92
76 11
76 16
76 53
76 121
76 81
76 28
76 107
76 8
76 122
76 101
76 12
76 107
76 113
76 52
76 13
76 9
76 19
76 126
76 98
76 77
77 34
77 92
77 82
77 20
77 57
77 65
77 55
77 98
77 91
77 6
77 80
77 85
77 10
77 11
77 29
77 8
77 127
77 98
77 68
77 113
77 64
77 62
77 17
77 22
77 64
77 54
77 62
77 52
77 59
77 59
77 95
77 41
77 60
77 62
77 74
77 102
77 111
77 65
77 44
77 90
77 56
77 66
77 77
77 48
77 41
77 50
77 36
77 64
77 29
77 43
77 10
77 110
77 30
77 5
77 93
77 48
77 93
77 33
77 54
77 56
78 19
78 105
78 42
78 86
78 81
78 60
78 63
78 61
78 11
78 89
78 10
78 123
78 24
78 48
78 121
78 95
78 55
78 100
78 124
78 120
78 86
78 6
78 4
78 8
78 117
78 46
78 47
78 27
78 114
78 78
78 60
78 97
78 12
78 3
78 21
78 110
78 7
78 28
78 56
78 18
78 84
78 81
78 122
78 107
78 100
78 103
78 80
78 72
78 24
78 123
78 6
78 116
78 83
78 54
78 62
78 41
78 72
78 29
78 1
78 10
79 8
79 98
79 111
79 75
79 68
79 8
79 24
79 126
79 78
79 21
79 76
79 113
79 40
79 114
79 40
79 109
79 99
79 71
79 17
79 109
79 95
79 98
79 5
79 4
79 121
79 26
79 106
79 78
79 27
79 76
79 34
79 101
79 44
79 58
79 29
79 87
79 75
79 48
79 18
79 117
79 38
79 53
79 42
79 17
79 13
79 115
79 120
79 19
79 2
79 45
79 59
79 44
79 108
79 84
79 41
79 47
79 58
79 99
79 60
79 41
80 13
80 90
80 118
80 105
80 21
80 9
80 86
80 79
80 87
80 19
80 67
80 36
80 50
80 11
80 88
80 24
80 119
80 26
80 45
80 13
80 33
80 54
80 7
80 43
80 101
80 124
80 31
80 17
80 27
80 7
80 27
80 11
80 28
80 113
80 94
80 21
80 18
80 46
80 115
80 39
80 24
80 40
80 51
80 42
80 33
80 101
80 111
80 91
80 39
80 62
80 124
80 61
80 120
80 78
80 124
80 71
80 82
80 54
80 109
80 126
80 45
81 77
81 70
81 69
81 83
81 7
81 1
81 55
81 11
81 117
81 100
81 81
81 46
81 94
81 24
81 41
81 54
81 111
81 88
81 30
81 121
81 98
81 11
81 86
81 49
81 26
81 52
81 8
81 50
81 23
81 79
81 2
81 78
81 36
81 114
81 102
81 88
81 38
81 3
81 104
81 118
81 125
81 96
81 105
81 119
81 119
81 23
81 106
81 34
81 69
81 40
81 61
81 3
81 2
81 91
81 127
81 57
81 126
81 43
81 13
81 101
81 27
82 92
82 103
82 11
82 22
82 89
82 24
82 23
82 93
82 90
82 126
82 17
82 46
82 120
82 80
82 46
82 80
82 45
82 60
82 20
82 73
82 22
82 64
82 106
82 60
82 83
82 32
82 6
82 60
82 49
82 35
82 103
82 51
82 73
82 69
82 2
82 86
82 11
82 34
82 89
82 14
82 66
82 43
82 29
82 51
82 72
82 96
82 44
82 100
82 103
82 18
82 75
82 72
82 1
82 86
82 123
82 100
82 12
82 33
82 50
82 41
83 104
83 30
83 72
83 113
83 5
83 40
83 17
83 61
83 79
83 93
83 81
83 110
83 2
83 24
83 101
83 29
83 124
83 93
83 91
83 71
83 6
83 17
83 24
83 37
83 5
83 54
83 57
83 20
83 39
83 35
83 62
83 27
83 29
83 27
83 110
83 50
83 33
83 60
83 51
83 61
83 94
83 2
83 73
83 86
83 67
83 112
83 33
83 59
83 91
83 105
83 56
83 42
83 71
83 52
83 34
83 116
83 47
83 91
84 89
84 72
84 122
84 18
84 94
84 18
84 53
84 66
84 122
84 116
84 47
84 87
84 55
84 113
84 112
84 50
84 121
84 116
84 45
84 115
84 81
84 10
84 61
84 114
84 124
84 77
84 20
84 73
84 63
84 22
84 71
84 119
84 3
84 59
84 19
84 11
84 68
84 67
84 63
84 46
84 96
84 77
84 107
84 88
84 31
84 12
84 75
84 112
84 125
84 106
84 47
84 24
84 111
84 38
84 58
84 58
84 67
84 109
84 77
84 87
84 80
85 71
85 77
85 99
85 101
85 127
85 127
85 108
85 110
85 94
85 66
85 20
85 76
85 33
85 97
85 93
85 16
85 103
85 56
85 4
85 33
85 48
85 48
85 104
85 50
85 23
85 35
85 29
85 88
85 125
85 71
85 16
85 41
85 13
85 45
85 82
85 82
85 62
85 83
85 29
85 103
85 46
85 2
85 62
85 68
85 16
85 2
85 93
85 91
85 111
85 3
85 49
85 115
85 37
85 15
85 70
85 90
85 91
85 45
85 63
86 112
86 94
86 49
86 50
86 96
86 23
86 17
86 104
86 127
86 19
86 74
86 100
86 93
86 56
86 58
86 79
86 18
86 106
86 16
86 102
86 15
86 82
86 15
86 23
86 38
86 127
86 44
86 71
86 90
86 50
86 20
86 94
86 108
86 57
86 97
86 107
86 64
86 47
86 25
86 103
86 13
86 71
86 14
86 112
86 71
86 55
86 89
86 68
86 97
86 108
86 5
86 95
86 90
86 99
86 116
86 84
86 32
86 5
86 38
86 102
86 55
87 87
87 50
87 81
87 125
87 38
87 126
87 78
87 102
87 71
87 70
87 51
87 54
87 39
87 8
87 42
87 29
87 20
87 47
87 36
87 124
87 92
87 79
87 37
87 17
87 61
87 108
87 56
87 66
87 88
87 126
87 70
87 106
87 66
87 46
87 43
87 84
87 10
87 22
87 68
87 30
87 93
87 87
87 56
87 34
87 63
87 57
87 32
87 65
87 8
87 4
87 28
87 25
87 1
87 49
87 47
87 97
87 17
87 62
87 4
88 3
88 118
88 34
88 63
88 105
88 124
88 39
88 60
88 109
88 15
88 65
88 42
88 82
88 112
88 122
88 42
88 89
88 39
88 23
88 79
88 81
88 125
88 89
88 7
88 51
88 54
88 73
88 127
88 38
88 91
88 49
88 71
88 4
88 98
88 6
88 81
88 89
88 78
88 33
88 39
88 98
88 11
88 68
88 48
88 41
88 35
88 85
88 56
88 65
88 65
88 125
88 113
88 93
88 95
88 103
88 27
88 90
88 6
88 3
88 12
89 16
89 3
89 16
89 83
89 111
89 126
89 10
89 20
89 49
89 117
89 86
89 29
89 91
89 75
89 84
89 118
89 74
89 124
89 94
89 16
89 65
89 35
89 21
89 48
89 77
89 29
89 105
89 89
89 40
89 56
89 29
89 73
89 78
89 33
89 33
89 21
89 121
89 72
89 11
89 71
89 126
89 4
89 19
89 25
89 10
89 106
89 7
89 5
89 4
89 67
89 55
89 40
89 72
89 52
89 124
89 76
89 44
89 115
89 37
89 102
90 67
90 10
90 96
90 106
90 124
90 52
90 56
90 59
90 103
90 121
90 93
90 108
90 96
90 26
90 29
90 120
90 99
90 114
90 87
90 6
90 66
90 123
90 39
90 7
90 85
90 18
90 60
90 8
90 108
90 85
90 6
90 68
90 43
90 12
90 78
90 26
90 120
90 91
90 104
90 125
90 21
90 8
90 116
90 26
90 22
90 69
90 88
90 63
90 46
90 63
90 105
90 70
90 9
90 90
90 78
90 103
90 17
90 112
90 17
90 34
90 89
91 30
91 102
91 8
91 16
91 92
91 112
91 86
91 58
91 32
91 121
91 112
91 8
91 6
91 41
91 125
91 104
91 77
91 34
91 113
91 103
91 74
91 9
91 4
91 73
91 14
91 9
91 124
91 122
91 7
91 64
91 54
91 57
91 37
91 83
91 31
91 24
91 85
91 62
91 126
91 39
91 24
91 29
91 54
91 14
91 94
91 79
91 31
91 121
91 121
91 25
91 2
91 115
91 93
91 61
91 32
91 26
91 53
91 62
91 124
91 28
92 70
92 120
92 19
92 126
92 85
92 116
92 56
92 87
92 102
92 38
92 9
92 98
92 67
92 81
92 1
92 104
92 21
92 101
92 119
92 17
92 31
92 116
92 125
92 57
92 31
92 86
92 94
92 91
92 96
92 121
92 21
92 82
92 47
92 68
92 9
92 69
92 98
92 34
92 87
92 49
92 118
92 113
92 81
92 91
92 64
92 43
92 111
92 8
92 118
92 7
92 96
92 75
92 92
92 53
92 90
92 65
92 72
92 74
92 40
93 96
93 94
93 111
93 54
93 31
93 15
93 70
93 3
93 21
93 43
93 57
93 89
93 82
93 10
93 19
93 112
93 18
93 22
93 93
93 27
93 47
93 102
93 42
93 66
93 17
93 11
93 111
93 15
93 78
93 34
93 37
93 115
93 44
93 90
93 8
93 113
93 42
93 42
93 65
93 11
93 81
93 19
93 122
93 78
93 87
93 34
93 66
93 109
93 93
93 85
93 63
93 32
93 41
93 115
93 123
93 103
93 120
93 125
93 85
93 93
93 32
94 114
94 113
94 80
94 69
94 60
94 51
94 68
94 83
94 23
94 122
94 94
94 121
94 93
94 72
94 68
94 15
94 60
94 101
94 107
94 20
94 16
94 59
94 21
94 79
94 54
94 26
94 68
94 118
94 69
94 23
94 70
94 110
94 58
94 53
94 18
94 34
94 30
94 13
94 1
94 16
94 20
94 58
94 76
94 3
94 90
94 34
94 122
94 31
94 31
94 125
94 62
94 1
94 60
94 104
94 25
94 45
94 28
94 67
94 27
94 21
94 125
95 117
95 100
95 19
95 76
95 110
95 71
95 68
95 55
95 66
95 39
95 85
95 96
95 81
95 54
95 91
95 35
95 37
95 33
95 23
95 101
95 102
95 103
95 53
95 49
95 116
95 50
95 62
95 109
95 121
95 5
95 88
95 22
95 37
95 118
95 17
95 67
95 39
95 78
95 105
95 8
95 74
95 12
95 31
95 100
95 90
95 39
95 116
95 57
95 103
95 59
95 67
95 121
95 116
95 23
95 20
95 54
95 12
95 54
96 109
96 71
96 28
96 9
96 37
96 84
96 102
96 59
96 8
96 45
96 124
96 83
96 89
96 57
96 24
96 36
96 36
96 85
96 103
96 73
96 42
96 28
96 16
96 57
96 45
96 56
96 15
96 97
96 8
96 76
96 26
96 123
96 54
96 113
96 72
96 53
96 9
96 16
96 53
96 17
96 106
96 125
96 100
96 105
96 100
96 21
96 121
96 96
96 3
96 21
96 70
96 18
96 37
96 112
96 11
96 9
96 22
96 96
96 25
96 119
96 88
97 11
97 112
97 7
97 33
97 121
97 119
97 77
97 29
97 47
97 108
97 1
97 30
97 105
97 113
97 4
97 85
97 23
97 100
97 68
97 87
97 33
97 108
97 39
97 80
97 113
97 32
97 78
97 99
97 46
97 39
97 105
97 100
97 125
97 46
97 44
97 64
97 15
97 37
97 75
97 85
97 47
97 52
97 44
97 81
97 19
97 52
97 40
97 76
97 68
97 111
97 21
97 79
97 3
97 46
97 9
97 94
97 23
97 33
97 83
97 19
97 103
98 22
98 112
98 69
98 102
98 101
98 125
98 27
98 104
98 109
98 67
98 125
98 82
98 102
98 107
98 76
98 95
98 6
98 76
98 47
98 89
98 16
98 35
98 96
98 89
98 47
98 68
98 121
98 13
98 117
98 6
98 90
98 107
98 60
98 120
98 80
98 60
98 30
98 23
98 2
98 77
98 20
98 37
98 126
98 62
98 55
98 100
98 118
98 51
98 107
98 14
98 43
98 49
98 19
98 104
98 96
98 74
98 2
98 92
99 4
99 114
99 119
99 109
99 51
99 66
99 56
99 92
99 94
99 48
99 41
99 75
99 118
99 124
99 2
99 92
99 86
99 73
99 67
99 61
99 9
99 81
99 52
99 38
99 81
99 64
99 80
99 94
99 101
99 18
99 63
99 88
99 46
99 34
99 28
99 59
99 16
99 111
99 74
99 36
99 60
99 119
99 79
99 47
99 124
99 105
99 41
99 44
99 23
99 82
99 18
99 104
99 106
99 78
99 29
99 2
99 45
99 77
99 83
99 78
99 37
99 50
99 41
99 107
100 20
100 34
100 108
100 69
100 112
100 19
100 10
100 55
100 22
100 118
100 87
100 48
100 86
100 108
100 45
100 74
100 47
100 38
100 11
100 92
100 34
100 9
100 97
100 98
100 82
100 43
100 2
100 90
100 114
100 25
100 53
100 57
100 106
100 22
100 118
100 67
100 29
100 37
100 60
100 47
100 110
100 126
100 47
100 27
100 40
100 57
100 74
100 29
100 57
100 75
100 21
100 90
100 24
100 74
100 44
100 18
100 80
101 96
101 87
101 104
101 71
101 114
101 3
101 48
101 8
101 75
101 99
101 14
101 12
101 127
101 31
101 49
101 19
101 45
101 80
101 65
101 4
101 104
101 67
101 98
101 64
101 15
101 25
101 70
101 43
101 43
101 85
101 24
101 126
101 40
101 54
101 107
101 127
101 62
101 47
101 46
101 1
101 21
101 108
101 126
101 82
101 41
101 120
101 98
101 56
101 106
101 47
101 99
101 59
101 22
101 6
101 89
101 113
101 17
101 81
101 28
101 66
101 29
101 62
102 75
102 24
102 45
102 120
102 39
102 55
102 41
102 38
102 48
102 17
102 29
102 17
102 20
102 102
102 71
102 109
102 41
102 92
102 60
102 38
102 30
102 112
102 72
102 109
102 29
102 46
102 3
102 28
102 27
102 31
102 51
102 92
102 83
102 23
102 52
102 120
102 114
102 53
102 119
102 12
102 4
102 103
102 27
102 109
102 39
102 32
102 54
102 105
102 29
102 36
102 101
102 101
102 30
102 59
102 83
102 33
102 100
103 101
103 96
103 30
103 75
103 23
103 56
103 20
103 34
103 74
103 76
103 63
103 6
103 51
103 17
103 27
103 118
103 38
103 104
103 113
103 109
103 121
103 12
103 78
103 103
103 70
103 118
103 9
103 119
103 47
103 115
103 126
103 87
103 56
103 18
103 9
103 7
103 54
103 73
103 2
103 49
103 88
103 69
103 14
103 84
103 67
103 100
103 88
103 2
103 9
103 94
103 24
103 69
103 112
103 53
103 93
103 104
103 67
103 29
103 93
103 40
104 113
104 60
104 67
104 121
104 118
104 98
104 73
104 8
104 72
104 122
104 69
104 20
104 115
104 92
104 43
104 66
104 50
104 71
104 58
104 89
104 25
104 92
104 123
104 26
104 87
104 116
104 38
104 97
104 81
104 16
104 106
104 102
104 49
104 21
104 71
104 27
104 98
104 39
104 54
104 94
104 65
104 31
104 48
104 12
104 102
104 99
104 32
104 116
104 37
104 59
104 57
104 7
104 77
104 35
104 24
104 79
104 26
104 86
104 57
104 2
105 103
105 79
105 19
105 103
105 70
105 117
105 35
105 43
105 113
105 107
105 81
105 27
105 61
105 86
105 54
105 96
105 57
105 84
105 53
105 64
105 73
105 40
105 24
105 116
105 101
105 81
105 122
105 84
105 42
105 9
105 93
105 65
105 66
105 33
105 1
105 3
105 8
105 110
105 26
105 56
105 37
105 22
105 97
105 51
105 115
105 51
105 12
105 38
105 31
105 122
105 118
105 14
105 44
105 123
105 92
105 40
105 84
105 66
105 80
105 87
105 50
106 64
106 17
106 49
106 108
106 100
106 111
106 8
106 93
106 122
106 48
106 93
106 37
106 24
106 87
106 32
106 46
106 106
106 79
106 24
106 34
106 50
106 70
106 64
106 20
106 82
106 108
106 39
106 42
106 21
106 56
106 36
106 90
106 1
106 70
106 11
106 28
106 83
106 27
106 20
106 44
106 37
106 63
106 45
106 84
106 93
106 95
106 32
106 33
106 107
106 122
106 97
106 10
106 104
106 110
106 112
106 13
106 116
106 102
106 55
106 22
106 13
107 96
107 37
107 64
107 76
107 46
107 90
107 59
107 76
107 125
107 122
107 76
107 99
107 93
107 75
107 38
107 55
107 55
107 44
107 62
107 40
107 20
107 8
107 6
107 63
107 118
107 36
107 1
107 42
107 6
107 123
107 3
107 62
107 9
107 106
107 70
107 102
107 16
107 40
107 37
107 85
107 74
107 72
107 127
107 49
107 57
107 90
107 36
107 86
107 59
107 38
107 32
107 90
107 84
107 43
107 79
107 61
107 72
107 77
108 125
108 42
108 24
108 127
108 122
108 79
108 104
108 44
108 4
108 100
108 97
108 97
108 109
108 84
108 112
108 122
108 26
108 13
108 95
108 40
108 9
108 114
108 74
108 1
108 66
108 32
108 20
108 5
108 126
108 34
108 8
108 109
108 114
108 81
108 60
108 40
108 73
108 15
108 4
108 45
108 10
108 69
108 101
108 66
108 2
108 76
108 76
108 50
108 105
108 97
108 46
108 112
108 56
108 33
108 19
108 117
108 96
108 48
108 13
108 69
109 62
109 25
109 109
109 88
109 96
109 69
109 41
109 114
109 43
109 113
109 61
109 25
109 35
109 74
109 64
109 68
109 73
109 101
109 13
109 45
109 73
109 114
109 43
109 100
109 70
109 126
109 82
109 94
109 35
109 124
109 79
109 116
109 81
109 48
109 80
109 87
109 19
109 87
109 51
109 69
109 54
109 112
109 91
109 40
109 50
109 73
109 3
109 109
109 111
109 61
109 84
109 88
109 5
109 72
109 89
109 116
109 50
109 12
109 90
109 70
109 117
109 116
109 117
110 59
110 4
110 73
110 66
110 86
110 47
110 21
110 38
110 116
110 38
110 85
110 67
110 21
110 49
110 95
110 46
110 95
110 5
110 51
110 90
110 77
110 7
110 78
110 32
110 103
110 27
110 122
110 70
110 115
110 23
110 80
110 19
110 98
110 125
110 23
110 104
110 63
110 53
110 51
110 116
110 93
110 75
110 93
110 99
110 67
110 69
110 124
110 86
110 91
110 33
110 6
110 5
110 23
110 35
110 43
110 91
110 113
110 42
111 30
111 5
111 18
111 50
111 110
111 84
111 60
111 98
111 24
111 113
111 36
111 62
111 109
111 14
111 93
111 35
111 16
111 70
111 104
111 104
111 1
111 63
111 88
111 46
111 103
111 43
111 67
111 14
111 101
111 26
111 106
111 17
111 55
111 60
111 8
111 65
111 57
111 118
111 18
111 6
111 114
111 76
111 119
111 6
111 36
111 11
111 74
111 68
111 104
111 107
111 11
111 66
111 28
111 106
111 39
111 64
111 70
111 24
111 41
112 8
112 4
112 109
112 29
112 32
112 108
112 38
112 97
112 62
112 58
112 90
112 104
112 15
112 70
112 27
112 3
112 111
112 111
112 18
112 35
112 43
112 57
112 120
112 50
112 88
112 97
112 86
112 53
112 73
112 57
112 125
112 23
112 25
112 41
112 6
112 110
112 21
112 116
112 33
112 117
112 96
112 52
112 27
112 64
112 13
112 122
112 88
112 79
112 37
112 80
112 80
112 47
112 98
112 67
112 40
112 82
112 57
112 30
112 39
112 64
112 35
112 76
112 44
113 69
113 16
113 54
113 40
113 98
113 43
113 105
113 115
113 89
113 2
113 28
113 98
113 64
113 102
113 50
113 92
113 64
113 26
113 98
113 70
113 107
113 18
113 66
113 21
113 119
113 4
113 35
113 112
113 2
113 52
113 51
113 7
113 3
113 86
113 102
113 17
113 70
113 10
113 12
113 68
113 94
113 23
113 103
113 11
113 96
113 104
113 29
113 123
113 12
113 72
113 77
113 52
113 10
113 22
113 87
113 43
113 22
114 100
114 35
114 24
114 96
114 95
114 45
114 39
114 107
114 105
114 12
114 28
114 41
114 122
114 45
114 35
114 12
114 42
114 39
114 94
114 21
114 88
114 110
114 45
114 33
114 88
114 109
114 63
114 9
114 112
114 16
114 77
114 44
114 117
114 84
114 94
114 122
114 65
114 42
114 24
114 1
114 51
114 127
114 52
114 55
114 44
114 71
114 124
114 1
114 22
114 69
114 4
114 40
114 46
114 58
114 50
114 95
114 90
114 86
114 15
114 59
115 2
115 75
115 66
115 13
115 7
115 37
115 81
115 46
115 122
115 10
115 57
115 121
115 90
115 38
115 8
115 98
115 21
115 85
115 42
115 71
115 36
115 22
115 5
115 49
115 74
115 33
115 4
115 11
115 12
115 22
115 118
115 97
115 38
115 126
115 30
115 14
115 13
115 85
115 81
115 15
115 68
115 66
115 2
115 118
115 55
115 13
115 48
115 104
115 36
115 2
115 107
115 126
115 95
115 95
115 50
115 8
115 15
115 5
115 81
115 72
116 11
116 50
116 98
116 17
116 118
116 19
116 107
116 118
116 80
116 94
116 47
116 39
116 96
116 118
116 65
116 14
116 112
116 74
116 60
116 110
116 83
116 54
116 65
116 13
116 18
116 24
116 102
116 57
116 71
116 29
116 86
116 47
116 30
116 94
116 49
116 116
116 119
116 54
116 75
116 59
116 113
116 19
116 122
116 115
116 41
116 65
116 56
116 99
116 6
116 24
116 77
116 65
116 43
116 122
116 93
116 74
116 67
116 82
116 115
116 80
116 127
117 60
117 3
117 19
117 80
117 61
117 17
117 79
117 10
117 56
117 15
117 41
117 26
117 126
117 63
117 124
117 35
117 32
117 110
117 26
117 26
117 122
117 13
117 24
117 15
117 118
117 95
117 57
117 37
117 69
117 117
117 115
117 74
117 104
117 123
117 54
117 94
117 104
117 70
117 111
117 60
117 112
117 93
117 123
117 49
117 87
117 48
117 77
117 14
117 111
117 57
117 29
117 63
117 39
117 30
117 103
117 67
117 121
117 107
117 115
117 67
117 35
117 9
118 20
118 124
118 16
118 83
118 70
118 94
118 117
118 1
118 66
118 71
118 97
118 123
118 1
118 17
118 92
118 82
118 61
118 7
118 115
118 35
118 94
118 94
118 81
118 41
118 41
118 6
118 66
118 125
118 36
118 113
118 47
118 74
118 59
118 56
118 20
118 101
118 105
118 48
118 24
118 102
118 109
118 61
118 40
118 123
118 42
118 113
118 26
118 6
118 51
118 32
118 97
118 17
118 46
118 55
118 58
118 116
118 85
119 75
119 127
119 63
119 50
119 121
119 75
119 68
119 25
119 126
119 122
119 113
119 37
119 63
119 5
119 75
119 76
119 18
119 55
119 63
119 121
119 104
119 91
119 85
119 1
119 37
119 56
119 93
119 95
119 55
119 17
119 12
119 33
119 123
119 99
119 31
119 56
119 83
119 74
119 99
119 15
119 12
119 105
119 102
119 3
119 52
119 31
119 96
119 11
119 26
119 90
119 121
119 36
119 50
119 58
119 39
119 119
119 51
119 66
119 88
119 9
120 51
120 116
120 85
120 58
120 83
120 125
120 89
120 50
120 64
120 127
120 117
120 105
120 63
120 39
120 58
120 98
120 83
120 9
120 81
120 25
120 110
120 83
120 45
120 43
120 122
120 68
120 118
120 52
120 56
120 27
120 127
120 119
120 60
120 36
120 58
120 124
120 102
120 32
120 104
120 117
120 35
120 63
120 84
120 46
120 119
120 60
120 81
120 35
120 65
120 80
120 80
120 99
120 61
120 12
120 126
120 46
120 9
120 100
120 97
120 56
121 119
121 19
121 106
121 69
121 97
121 2
121 59
121 20
121 81
121 82
121 39
121 10
121 71
121 55
121 72
121 56
121 42
121 86
121 40
121 70
121 16
121 65
121 34
121 111
121 124
121 14
121 72
121 49
121 18
121 69
121 17
121 124
121 111
121 111
121 2
121 51
121 124
121 45
121 25
121 101
121 121
121 64
121 117
121 124
121 53
121 69
121 45
121 59
121 6
121 27
121 69
121 119
121 57
121 99
121 20
121 40
121 45
121 65
121 53
121 120
122 51
122 112
122 10
122 88
122 40
122 71
122 8
122 105
122 57
122 24
122 76
122 66
122 113
122 87
122 82
122 48
122 100
122 71
122 16
122 3
122 73
122 116
122 76
122 70
122 65
122 119
122 6
122 101
122 46
122 84
122 121
122 14
122 9
122 21
122 100
122 18
122 61
122 76
122 71
122 38
122 50
122 73
122 113
122 120
122 58
122 75
122 103
122 47
122 91
122 45
122 113
122 46
122 120
122 12
122 34
122 64
122 9
122 63
122 123
122 116
122 43
123 109
123 72
123 112
123 31
123 109
123 26
123 80
123 8
123 76
123 22
123 101
123 70
123 54
123 83
123 109
123 121
123 106
123 59
123 37
123 126
123 9
123 119
123 11
123 2
123 96
123 105
123 35
123 92
123 23
123 38
123 106
123 28
123 59
123 25
123 81
123 105
123 65
123 104
123 125
123 15
123 27
123 54
123 55
123 124
123 56
123 25
123 76
123 29
123 93
123 63
123 75
123 46
123 64
123 89
123 121
123 6
123 92
123 46
123 55
124 73
124 41
124 74
124 62
124 71
124 52
124 34
124 42
124 81
124 100
124 5
124 6
124 81
124 80
124 4
124 69
124 1
124 98
124 15
124 16
124 26
124 126
124 119
124 126
124 57
124 95
124 120
124 4
124 25
124 18
124 84
124 54
124 53
124 10
124 114
124 45
124 8
124 27
124 25
124 69
124 98
124 78
124 17
124 33
124 90
124 100
124 7
124 62
124 24
124 118
124 62
124 28
124 114
124 77
124 107
124 91
124 59
124 103
124 86
124 44
125 43
125 22
125 119
125 120
125 71
125 15
125 26
125 94
125 67
125 22
125 42
125 116
125 41
125 45
125 47
125 123
125 12
125 94
125 21
125 26
125 31
125 36
125 46
125 74
125 78
125 68
125 2
125 116
125 47
125 38
125 126
125 46
125 103
125 105
125 34
125 110
125 29
125 111
125 47
125 54
125 115
125 20
125 29
125 98
125 78
125 24
125 65
125 35
125 83
125 3
125 52
125 46
125 121
125 33
125 113
125 59
125 37
125 45
125 38
125 8
125 1
126 99
126 87
126 78
126 89
126 87
126 35
126 15
126 20
126 53
126 21
126 108
126 96
126 109
126 62
126 1
126 63
126 126
126 26
126 101
126 33
126 37
126 124
126 117
126 76
126 85
126 54
126 4
126 16
126 117
126 118
126 49
126 95
126 60
126 92
126 86
126 92
126 107
126 4
126 74
126 126
126 20
126 48
126 44
126 24
126 67
126 116
126 18
126 66
126 125
126 117
126 7
126 123
126 118
126 127
126 96
126 93
126 122
126 17
126 49
127 93
127 57
127 12
127 18
127 115
127 50
127 43
127 38
127 112
127 62
127 70
127 39
127 26
127 69
127 82
127 47
127 70
127 99
127 115
127 50
127 4
127 97
127 32
127 34
127 72
127 123
127 27
127 51
127 120
127 25
127 3
127 30
127 14
127 94
127 55