0 59
3 47
3 42
5 73
5 107
5 3
5 127
5 2
5 36
5 44
5 9
5 77
5 35
5 19
5 20
5 53
5 57
5 35
5 25
5 51
5 116
5 56
5 106
5 97
5 7
5 42
5 59
5 18
5 117
5 100
5 63
5 81
5 72
5 94
5 60
5 16
5 89
5 53
5 71
5 55
5 119
5 30
5 7
5 92
5 10
5 59
5 67
5 24
5 5
5 98
5 121
5 5
5 78
5 42
5 11
5 24
5 7
5 9
5 21
5 19
5 52
5 80
5 121
5 8
6 82
6 47
6 62
6 61
6 18
6 124
6 100
6 26
6 67
6 97
6 61
6 20
6 25
6 35
6 105
6 17
6 21
6 2
6 80
6 98
6 16
6 103
6 29
6 5
6 126
6 89
6 37
6 74
6 78
6 21
6 57
6 114
6 26
6 61
6 22
6 79
6 11
6 42
6 49
6 103
6 97
6 120
6 119
6 38
6 17
6 11
6 71
6 15
6 3
6 8
6 9
6 121
6 73
6 48
6 59
6 7
6 96
6 6
6 42
7 16
7 63
7 13
7 120
7 77
7 113
7 114
7 33
7 70
7 10
7 113
7 16
7 54
7 3
7 34
7 77
7 28
7 114
7 103
7 31
7 109
7 27
7 30
7 103
7 44
7 93
7 54
7 76
7 18
7 99
7 90
7 88
7 55
7 80
7 11
7 9
7 83
7 13
7 40
7 48
7 117
7 32
7 15
7 41
7 112
7 36
7 16
7 56
7 17
7 38
7 65
7 120
7 52
7 3
7 16
7 17
7 68
7 79
7 92
7 43
8 100
8 75
8 102
8 17
8 31
8 7
8 74
8 42
8 5
8 44
8 106
8 95
8 34
8 61
8 20
8 41
8 77
8 22
8 118
8 87
8 95
8 44
8 39
8 56
8 104
8 75
8 18
8 116
8 44
8 6
8 105
8 12
8 15
8 97
8 12
8 101
8 22
8 42
8 29
8 5
8 4
8 120
8 95
8 23
8 100
8 83
8 14
8 27
8 112
8 115
8 120
8 45
8 4
8 78
8 27
8 29
8 105
8 114
8 105
9 37
9 27
9 7
9 55
9 72
9 86
9 100
9 57
9 42
9 33
9 95
9 42
9 73
9 15
9 49
9 91
9 39
9 71
9 64
9 73
9 26
9 19
9 40
9 127
9 114
9 64
9 104
9 122
9 12
9 91
9 115
9 71
9 47
9 102
9 66
9 21
9 3
9 57
9 8
9 88
9 17
9 69
9 8
9 112
9 114
9 59
9 54
9 17
9 59
9 44
9 58
9 94
9 50
9 12
9 121
9 75
9 67
9 121
9 24
9 106
9 92
10 58
10 5
10 27
10 69
10 67
10 47
10 22
10 6
10 113
10 84
10 116
10 64
10 120
10 97
10 87
10 65
10 115
10 55
10 25
10 111
10 11
10 11
10 40
10 56
10 75
10 57
10 37
10 115
10 34
10 21
10 53
10 102
10 96
10 60
10 90
10 78
10 25
10 50
10 119
10 74
10 11
10 35
10 38
10 7
10 59
10 121
10 14
10 28
10 45
10 93
10 55
10 54
10 41
10 64
10 11
10 5
10 111
10 21
10 31
11 20
11 68
11 76
11 62
11 2
11 45
11 103
11 114
11 96
11 56
11 105
11 29
11 10
11 109
11 59
11 29
11 34
11 72
11 50
11 114
11 100
11 120
11 87
11 17
11 26
11 70
11 109
11 100
11 14
11 104
11 123
11 19
11 46
11 71
11 35
11 39
11 105
11 89
11 96
11 103
11 46
11 97
11 88
11 26
11 60
11 14
11 28
11 121
11 57
11 39
11 18
11 84
11 19
11 22
11 92
11 105
11 8
11 119
11 44
11 45
12 28
12 77
12 126
12 28
12 9
12 20
12 108
12 41
12 45
12 17
12 25
12 31
12 100
12 116
12 2
12 93
12 26
12 47
12 92
12 98
12 59
12 19
12 43
12 45
12 84
12 107
12 101
12 95
12 48
12 109
12 5
12 50
12 79
12 116
12 53
12 45
12 93
12 117
12 122
12 114
12 78
12 34
12 19
12 111
12 56
12 44
12 39
12 89
12 83
12 41
12 123
12 118
12 44
12 86
12 16
12 90
12 69
12 83
12 39
12 98
12 85
12 22
13 107
13 121
13 111
13 101
13 56
13 71
13 60
13 68
13 27
13 67
13 20
13 42
13 82
13 113
13 42
13 100
13 105
13 11
13 23
13 25
13 31
13 35
13 109
13 27
13 64
13 69
13 115
13 53
13 105
13 108
13 8
13 102
13 27
13 108
13 8
13 98
13 64
13 104
13 124
13 89
13 40
13 76
13 115
13 30
13 57
13 51
13 16
13 2
13 95
13 96
13 45
13 119
13 127
13 103
13 116
13 115
13 44
13 65
13 80
13 65
13 58
13 6
13 51
13 6
13 124
13 108
13 97
14 38
14 112
14 57
14 94
14 55
14 40
14 114
14 127
14 93
14 66
14 110
14 40
14 106
14 3
14 17
14 40
14 6
14 92
14 75
14 112
14 103
14 73
14 53
14 107
14 54
14 120
14 35
14 56
14 40
14 12
14 79
14 93
14 21
14 49
14 40
14 109
14 19
14 78
14 15
14 44
14 96
14 8
14 6
14 28
14 96
14 123
14 111
14 19
14 105
14 106
14 31
15 46
15 67
15 112
15 34
15 42
15 18
15 105
15 38
15 6
15 47
15 7
15 21
15 121
15 82
15 67
15 14
15 72
15 10
15 84
15 120
15 85
15 58
15 122
15 119
15 114
15 87
15 9
15 79
15 100
15 54
15 76
15 38
15 70
15 95
15 34
15 6
15 59
15 126
15 46
15 61
15 122
15 12
15 103
15 97
15 54
15 69
15 18
15 50
15 120
15 1
15 84
15 20
15 89
15 73
15 33
15 28
15 49
15 5
15 59
15 33
15 38
15 116
15 16
16 81
16 52
16 72
16 59
16 52
16 100
16 66
16 31
16 105
16 104
16 121
16 9
16 3
16 84
16 123
16 21
16 126
16 47
16 74
16 44
16 1
16 60
16 79
16 89
16 80
16 21
16 58
16 26
16 60
16 110
16 115
16 95
16 34
16 36
16 12
16 69
16 25
16 99
16 96
16 75
16 65
16 56
16 65
16 98
16 16
16 95
16 121
16 100
16 62
16 82
16 72
16 39
16 70
16 7
16 61
16 109
16 100
17 63
17 13
17 12
17 24
17 81
17 118
17 95
17 69
17 121
17 62
17 35
17 30
17 39
17 84
17 63
17 127
17 84
17 38
17 36
17 33
17 95
17 96
17 65
17 8
17 9
17 79
17 50
17 99
17 13
17 98
17 10
17 45
17 110
17 103
17 114
17 62
17 92
17 119
17 26
17 37
17 7
17 62
17 18
17 1
17 89
17 124
17 92
17 125
17 117
17 21
17 7
17 50
17 73
17 55
17 38
17 71
17 89
17 60
17 6
17 1
17 9
18 60
18 127
18 52
18 33
18 51
18 68
18 94
18 48
18 64
18 92
18 84
18 90
18 42
18 124
18 114
18 8
18 83
18 33
18 49
18 29
18 11
18 48
18 75
18 116
18 42
18 110
18 102
18 104
18 43
18 103
18 123
18 127
18 62
18 127
18 50
18 84
18 66
18 82
18 4
18 123
18 38
18 93
18 5
18 11
18 127
18 103
18 40
18 3
18 93
18 98
18 87
18 124
18 38
18 111
18 69
18 11
18 83
18 67
18 48
18 67
18 18
18 64
18 101
19 112
19 68
19 90
19 7
19 30
19 61
19 58
19 85
19 11
19 47
19 45
19 115
19 1
19 18
19 92
19 80
19 66
19 120
19 100
19 84
19 117
19 81
19 88
19 30
19 54
19 93
19 36
19 95
19 110
19 39
19 123
19 13
19 110
19 99
19 14
19 115
19 32
19 114
19 28
19 92
19 79
19 23
19 66
19 92
19 4
19 78
19 27
19 60
19 40
19 126
19 17
19 29
19 102
19 122
19 53
19 39
20 71
20 5
20 6
20 46
20 11
20 57
20 94
20 87
20 97
20 120
20 15
20 46
20 109
20 27
20 73
20 22
20 42
20 84
20 92
20 66
20 46
20 55
20 75
20 32
20 34
20 98
20 40
20 85
20 40
20 33
20 123
20 120
20 52
20 103
20 103
20 13
20 89
20 85
20 26
20 20
20 44
20 71
20 34
20 67
20 67
20 24
20 87
20 75
20 12
20 74
20 37
20 28
20 107
20 62
20 119
20 81
20 96
20 72
20 10
20 86
20 115
20 4
21 45
21 76
21 78
21 73
21 18
21 108
21 90
21 94
21 27
21 81
21 118
21 113
21 112
21 101
21 22
21 4
21 113
21 50
21 54
21 64
21 58
21 120
21 13
21 14
21 17
21 105
21 73
21 32
21 28
21 74
21 42
21 126
21 58
21 10
21 123
21 28
21 49
21 83
21 90
21 106
21 43
21 101
21 20
21 118
21 118
21 43
21 21
21 85
21 121
21 23
21 119
21 99
21 52
21 89
21 34
21 21
21 31
21 55
21 31
21 60
21 125
21 115
21 8
21 69
21 54
22 41
22 47
22 22
22 108
22 91
22 14
22 80
22 88
22 88
22 107
22 121
22 47
22 65
22 70
22 25
22 13
22 74
22 67
22 97
22 18
22 33
22 4
22 92
22 11
22 124
22 10
22 93
22 127
22 69
22 78
22 44
22 117
22 66
22 23
22 108
22 107
22 18
22 40
22 86
22 98
22 31
22 82
22 66
22 126
22 54
22 56
22 23
22 115
22 98
22 30
22 14
22 42
22 44
23 56
23 82
23 103
23 2
23 35
23 4
23 73
23 35
23 1
23 30
23 63
23 120
23 3
23 107
23 85
23 40
23 33
23 65
23 10
23 12
23 87
23 122
23 73
23 70
23 12
23 60
23 29
23 126
23 42
23 47
23 92
23 32
23 67
23 58
23 95
23 61
23 11
23 126
23 77
23 7
23 22
23 107
23 40
23 28
23 91
23 30
23 93
23 69
23 38
23 118
23 34
23 87
23 51
23 57
23 14
23 36
23 55
23 74
23 30
23 69
23 28
23 113
24 113
24 115
24 62
24 28
24 75
24 34
24 76
24 83
24 36
24 9
24 110
24 106
24 10
24 4
24 39
24 31
24 46
24 36
24 88
24 65
24 62
24 57
24 57
24 74
24 120
24 80
24 29
24 31
24 14
24 97
24 30
24 9
24 86
24 46
24 83
24 81
24 95
24 77
24 118
24 85
24 82
24 24
24 24
24 57
24 80
24 89
24 52
24 18
24 98
24 121
24 7
24 110
24 37
24 101
24 5
24 65
24 107
24 106
24 105
24 61
25 78
25 33
25 118
25 95
25 64
25 72
25 16
25 110
25 48
25 5
25 100
25 42
25 103
25 104
25 111
25 18
25 4
25 90
25 94
25 46
25 76
25 71
25 7
25 89
25 93
25 123
25 125
25 39
25 12
25 125
25 75
25 100
25 9
25 9
25 2
25 120
25 9
25 122
25 38
25 71
25 24
25 38
25 6
25 40
25 78
25 69
25 12
25 96
25 103
25 45
25 4
25 107
25 31
25 28
25 104
25 89
25 18
25 54
25 71
26 78
26 101
26 107
26 121
26 43
26 34
26 7
26 92
26 56
26 96
26 61
26 122
26 97
26 80
26 117
26 35
26 79
26 75
26 105
26 99
26 38
26 25
26 32
26 28
26 108
26 115
26 127
26 29
26 66
26 90
26 115
26 23
26 96
26 122
26 81
26 112
26 86
26 122
26 20
26 91
26 19
26 4
26 78
26 39
26 81
26 86
26 118
26 79
26 10
26 104
26 104
26 22
26 100
26 28
26 44
26 106
26 70
26 75
26 14
26 54
27 11
27 59
27 35
27 62
27 61
27 108
27 38
27 14
27 38
27 63
27 37
27 66
27 19
27 27
27 113
27 89
27 110
27 46
27 53
27 61
27 30
27 68
27 60
27 83
27 63
27 94
27 48
27 111
27 65
27 57
27 92
27 10
27 100
27 113
27 44
27 12
27 108
27 71
27 85
27 53
27 40
27 102
27 17
27 85
27 24
27 35
27 111
27 82
27 5
27 47
27 23
27 49
27 83
27 113
27 75
27 106
27 102
27 33
27 118
28 77
28 22
28 36
28 98
28 58
28 95
28 92
28 124
28 28
28 107
28 89
28 13
28 121
28 67
28 12
28 109
28 64
28 66
28 57
28 91
28 127
28 117
28 33
28 91
28 48
28 81
28 96
28 2
28 65
28 123
28 36
28 115
28 40
28 67
28 107
28 83
28 89
28 57
28 56
28 59
28 116
28 92
28 125
28 103
28 120
28 107
28 3
28 37
28 54
28 40
28 100
28 117
28 43
28 92
28 2
28 62
28 22
28 87
28 71
28 30
29 124
29 41
29 126
29 77
29 14
29 23
29 48
29 1
29 98
29 45
29 31
29 115
29 95
29 80
29 10
29 121
29 18
29 51
29 71
29 5
29 100
29 15
29 82
29 104
29 14
29 99
29 54
29 93
29 53
29 37
29 29
29 68
29 36
29 116
29 24
29 60
29 52
29 37
29 96
29 31
29 95
29 9
29 122
29 119
29 16
29 16
29 108
29 101
29 101
29 113
29 86
29 53
29 58
29 34
29 79
29 88
29 10
29 65
29 87
29 102
29 46
29 89
30 115
30 74
30 3
30 23
30 75
30 115
30 54
30 97
30 23
30 100
30 120
30 88
30 12
30 67
30 47
30 123
30 109
30 29
30 95
30 79
30 63
30 34
30 24
30 12
30 35
30 118
30 53
30 74
30 119
30 53
30 54
30 53
30 31
30 125
30 54
30 78
30 53
30 105
30 84
30 67
30 32
30 7
30 50
30 115
30 86
30 21
30 99
30 17
30 53
30 49
30 28
30 12
30 112
30 101
30 73
30 86
30 47
30 77
30 105
31 74
31 9
31 8
31 66
31 64
31 69
31 14
31 63
31 119
31 50
31 42
31 52
31 69
31 59
31 2
31 23
31 106
31 121
31 9
31 82
31 52
31 24
31 108
31 50
31 53
31 71
31 50
31 127
31 52
31 126
31 12
31 94
31 91
31 23
31 111
31 13
31 65
31 125
31 100
31 104
31 14
31 111
31 63
31 94
31 101
31 2
31 81
31 52
31 1
31 90
31 127
31 55
31 60
31 14
31 46
31 81
31 117
31 113
31 62
32 36
32 104
32 41
32 124
32 59
32 36
32 37
32 91
32 102
32 6
32 26
32 63
32 77
32 127
32 19
32 18
32 7
32 103
32 73
32 41
32 58
32 84
32 9
32 60
32 52
32 1
32 121
32 19
32 42
32 44
32 6
32 36
32 73
32 55
32 41
32 82
32 53
32 100
32 25
32 85
32 5
32 99
32 31
32 8
32 113
32 67
32 85
32 123
32 78
32 84
32 82
32 95
32 70
32 116
32 89
32 57
32 116
32 10
32 76
32 123
33 6
33 27
33 50
33 34
33 36
33 49
33 44
33 88
33 25
33 53
33 94
33 73
33 85
33 119
33 53
33 75
33 94
33 33
33 74
33 90
33 64
33 72
33 7
33 106
33 114
33 2
33 44
33 5
33 89
33 15
33 16
33 36
33 94
33 29
33 50
33 29
33 1
33 87
33 37
33 114
33 73
33 102
33 5
33 104
33 84
33 121
33 101
33 114
33 45
33 39
33 44
33 54
33 116
33 31
33 2
33 103
33 105
33 8
33 119
33 72
33 56
33 125
34 46
34 87
34 38
34 93
34 57
34 114
34 38
34 109
34 90
34 54
34 70
34 44
34 5
34 109
34 114
34 10
34 121
34 58
34 6
34 114
34 4
34 32
34 111
34 60
34 72
34 47
34 44
34 69
34 93
34 48
34 105
34 113
34 84
34 50
34 111
34 39
34 99
34 83
34 89
34 37
34 78
34 30
34 92
34 58
34 86
34 63
34 59
34 10
34 94
34 105
34 106
34 9
34 86
34 87
34 7
34 91
34 29
34 17
34 42
35 116
35 107
35 37
35 10
35 93
35 27
35 12
35 110
35 40
35 49
35 75
35 123
35 79
35 54
35 62
35 9
35 23
35 108
35 6
35 26
35 47
35 49
35 13
35 10
35 32
35 114
35 33
35 114
35 111
35 79
35 119
35 87
35 72
35 86
35 127
35 51
35 3
35 75
35 117
35 83
35 111
35 19
35 92
35 119
35 103
35 29
35 124
35 79
35 114
35 114
35 103
35 94
35 10
35 96
35 44
35 26
35 122
35 80
35 51
36 16
36 88
36 46
36 19
36 58
36 79
36 16
36 96
36 23
36 87
36 92
36 27
36 53
36 93
36 60
36 74
36 4
36 41
36 22
36 86
36 83
36 103
36 36
36 7
36 84
36 92
36 67
36 28
36 55
36 22
36 12
36 60
36 127
36 69
36 13
36 80
36 99
36 1
36 53
36 75
36 12
36 112
36 28
36 126
36 92
36 24
36 107
36 22
36 127
36 124
36 79
36 27
36 38
36 86
36 91
36 79
36 15
36 1
36 106
36 68
36 96
37 111
37 98
37 32
37 71
37 123
37 102
37 76
37 88
37 9
37 115
37 26
37 100
37 51
37 25
37 97
37 15
37 126
37 71
37 46
37 105
37 67
37 117
37 124
37 74
37 35
37 22
37 102
37 114
37 75
37 43
37 61
37 125
37 77
37 107
37 111
37 98
37 124
37 8
37 49
37 51
37 95
37 115
37 54
37 87
37 15
37 94
37 101
37 105
37 2
37 103
37 67
37 123
37 50
37 4
37 65
37 6
37 8
37 38
37 34
38 62
38 15
38 68
38 31
38 70
38 33
38 97
38 125
38 112
38 50
38 64
38 123
38 115
38 8
38 29
38 117
38 25
38 76
38 75
38 58
38 20
38 104
38 38
38 45
38 59
38 102
38 33
38 36
38 63
38 58
38 113
38 69
38 104
38 77
38 30
38 111
38 24
38 124
38 81
38 23
38 66
38 59
38 82
38 96
38 74
38 21
38 49
38 96
38 57
38 65
38 106
38 64
38 49
38 112
38 22
38 66
38 81
38 22
38 107
38 98
39 109
39 108
39 10
39 96
39 47
39 16
39 43
39 115
39 32
39 6
39 82
39 79
39 46
39 41
39 34
39 84
39 118
39 10
39 50
39 104
39 59
39 66
39 13
39 111
39 67
39 57
39 112
39 95
39 45
39 43
39 126
39 34
39 28
39 26
39 23
39 121
39 79
39 5
39 1
39 97
39 103
39 69
39 55
39 16
39 13
39 85
39 99
39 39
39 113
39 96
39 54
39 72
39 111
39 91
39 61
39 51
39 119
39 1
39 45
39 127
40 37
40 28
40 38
40 75
40 74
40 106
40 16
40 22
40 117
40 55
40 84
40 78
40 40
40 60
40 96
40 71
40 84
40 29
40 72
40 85
40 37
40 39
40 105
40 5
40 108
40 122
40 99
40 100
40 21
40 91
40 88
40 23
40 112
40 53
40 24
40 58
40 54
40 101
40 72
40 107
40 3
40 86
40 111
40 8
40 82
40 32
40 51
40 43
40 56
40 2
40 35
40 51
40 53
40 81
40 34
40 65
40 126
40 58
40 45
40 28
41 49
41 57
41 121
41 59
41 36
41 95
41 96
41 10
41 42
41 120
41 72
41 48
41 25
41 48
41 55
41 9
41 16
41 37
41 45
41 111
41 112
41 72
41 90
41 30
41 115
41 14
41 15
41 63
41 50
41 52
41 113
41 72
41 113
41 50
41 31
41 106
41 10
41 114
41 123
41 98
41 54
41 3
41 113
41 73
41 23
41 119
41 3
41 87
41 13
41 106
41 114
41 96
41 21
41 97
41 67
41 86
41 123
41 65
41 72
41 11
41 15
42 113
42 6
42 41
42 71
42 8
42 71
42 22
42 123
42 75
42 106
42 55
42 62
42 53
42 115
42 24
42 50
42 57
42 73
42 113
42 75
42 38
42 112
42 55
42 55
42 49
42 95
42 6
42 37
42 46
42 65
42 119
42 53
42 43
42 14
42 64
42 5
42 54
42 36
42 113
42 4
42 67
42 91
42 54
42 39
42 94
42 122
42 38
42 8
42 90
42 110
42 110
42 28
42 108
42 93
42 11
42 108
42 17
42 123
42 24
42 52
43 96
43 32
43 83
43 116
43 43
43 20
43 66
43 69
43 116
43 9
43 65
43 95
43 43
43 77
43 57
43 120
43 92
43 34
43 63
43 77
43 100
43 109
43 116
43 38
43 127
43 29
43 106
43 29
43 68
43 53
43 93
43 3
43 33
43 56
43 29
43 99
43 96
43 123
43 34
43 47
43 72
43 37
43 40
43 47
43 121
43 85
43 108
43 15
43 125
43 2
43 79
43 58
43 88
43 7
43 108
43 54
43 51
43 125
43 83
44 48
44 42
44 50
44 77
44 12
44 30
44 18
44 41
44 8
44 114
44 53
44 66
44 93
44 78
44 4
44 39
44 123
44 64
44 52
44 65
44 122
44 31
44 123
44 82
44 60
44 101
44 37
44 72
44 126
44 18
44 81
44 33
44 20
44 114
44 23
44 121
44 30
44 118
44 113
44 32
44 114
44 122
44 102
44 100
44 47
44 42
44 112
44 64
44 57
44 118
44 76
44 92
44 58
44 95
44 16
44 50
44 3
44 79
44 93
44 93
45 11
45 35
45 89
45 46
45 34
45 108
45 39
45 87
45 79
45 43
45 78
45 63
45 45
45 102
45 89
45 111
45 116
45 19
45 58
45 117
45 65
45 126
45 87
45 22
45 26
45 78
45 71
45 30
45 28
45 74
45 51
45 14
45 112
45 67
45 34
45 115
45 55
45 36
45 95
45 31
45 81
45 89
45 32
45 6
45 76
45 70
45 19
45 99
45 85
45 120
45 22
45 36
45 27
45 57
45 102
45 102
45 99
45 50
45 115
45 69
45 109
45 69
45 97
46 6
46 23
46 99
46 120
46 76
46 44
46 121
46 122
46 27
46 106
46 75
46 81
46 57
46 44
46 83
46 99
46 122
46 43
46 115
46 31
46 125
46 79
46 70
46 95
46 77
46 35
46 60
46 44
46 87
46 37
46 110
46 60
46 23
46 17
46 12
46 2
46 114
46 111
46 101
46 15
46 2
46 45
46 92
46 106
46 2
46 87
46 13
46 121
46 82
46 84
46 36
46 125
46 97
46 87
46 45
46 104
46 108
46 72
46 126
47 105
47 92
47 105
47 47
47 16
47 43
47 71
47 97
47 94
47 6
47 96
47 124
47 18
47 100
47 74
47 91
47 45
47 104
47 118
47 107
47 127
47 58
47 62
47 17
47 119
47 122
47 68
47 66
47 75
47 38
47 30
47 102
47 26
47 2
47 96
47 71
47 75
47 26
47 21
47 107
47 49
47 101
47 80
47 103
47 118
47 83
47 104
47 104
47 111
47 85
47 87
47 81
47 49
47 114
47 19
47 67
47 7
47 6
48 127
48 77
48 104
48 87
48 54
48 45
48 72
48 47
48 8
48 28
48 68
48 113
48 47
48 26
48 75
48 34
48 37
48 36
48 84
48 105
48 72
48 27
48 44
48 32
48 21
48 116
48 8
48 37
48 8
48 33
48 88
48 99
48 21
48 25
48 99
48 17
48 125
48 37
48 26
48 10
48 23
48 43
48 109
48 117
48 112
48 51
48 49
48 21
48 29
48 68
48 118
48 65
48 97
48 52
48 52
48 17
48 26
48 44
48 35
48 107
48 90
48 37
48 42
49 75
49 120
49 12
49 61
49 30
49 90
49 27
49 81
49 59
49 73
49 33
49 105
49 113
49 8
49 93
49 63
49 116
49 45
49 70
49 112
49 64
49 113
49 127
49 126
49 20
49 78
49 1
49 40
49 113
49 68
49 9
49 31
49 64
49 38
49 4
49 49
49 26
49 4
49 106
49 28
49 91
49 64
49 78
49 44
49 119
49 60
49 61
49 75
49 7
49 39
49 116
49 65
49 100
49 124
49 39
49 83
49 79
49 54
50 38
50 23
50 110
50 91
50 43
50 50
50 115
50 103
50 44
50 102
50 62
50 82
50 59
50 121
50 11
50 69
50 40
50 17
50 38
50 54
50 45
50 46
50 6
50 2
50 45
50 39
50 85
50 26
50 81
50 47
50 66
50 99
50 79
50 110
50 52
50 61
50 81
50 84
50 27
50 93
50 91
50 46
50 101
50 10
50 45
50 10
50 54
50 90
50 10
50 83
50 105
50 40
50 64
50 54
50 97
50 116
50 34
50 56
50 80
51 32
51 74
51 4
51 127
51 36
51 18
51 27
51 91
51 12
51 38
51 17
51 36
51 22
51 94
51 34
51 42
51 115
51 17
51 54
51 100
51 39
51 26
51 102
51 26
51 95
51 22
51 92
51 74
51 59
51 44
51 51
51 88
51 3
51 12
51 40
51 50
51 77
51 124
51 19
51 114
51 11
51 22
51 11
51 32
51 15
51 96
51 80
51 67
51 68
51 83
51 105
51 23
51 116
51 113
51 116
51 22
51 58
51 62
51 100
51 64
52 34
52 24
52 76
52 126
52 18
52 20
52 109
52 32
52 99
52 7
52 103
52 2
52 2
52 88
52 5
52 85
52 61
52 37
52 65
52 57
52 7
52 8
52 58
52 79
52 102
52 85
52 76
52 40
52 1
52 92
52 79
52 87
52 81
52 100
52 76
52 84
52 93
52 119
52 55
52 69
52 116
52 88
52 121
52 85
52 89
52 5
52 72
52 76
52 76
52 110
52 120
52 70
52 77
52 78
52 32
52 122
52 70
52 100
52 34
52 112
52 99
53 17
53 35
53 64
53 61
53 72
53 35
53 54
53 62
53 123
53 35
53 42
53 62
53 46
53 111
53 82
53 15
53 83
53 45
53 67
53 41
53 75
53 29
53 81
53 107
53 8
53 87
53 52
53 87
53 116
53 39
53 100
53 62
53 36
53 7
53 94
53 7
53 125
53 24
53 95
53 70
53 100
53 73
53 81
53 43
53 121
53 15
53 4
53 32
53 60
53 74
53 80
53 113
53 111
53 20
53 85
53 48
53 95
53 105
53 71
54 96
54 92
54 1
54 25
54 127
54 38
54 118
54 81
54 33
54 39
54 116
54 43
54 107
54 2
54 50
54 95
54 61
54 106
54 115
54 75
54 31
54 52
54 97
54 20
54 110
54 123
54 76
54 1
54 81
54 111
54 32
54 126
54 48
54 30
54 119
54 43
54 38
54 102
54 33
54 64
54 39
54 53
54 62
54 52
54 69
54 45
54 78
54 106
54 30
54 90
54 54
54 114
54 66
54 67
54 106
54 87
54 101
54 75
54 31
54 112
54 106
54 4
54 117
55 42
55 65
55 24
55 49
55 111
55 69
55 42
55 31
55 11
55 36
55 83
55 70
55 90
55 31
55 50
55 117
55 77
55 63
55 44
55 111
55 91
55 13
55 105
55 28
55 46
55 61
55 12
55 83
55 61
55 23
55 58
55 73
55 59
55 65
55 92
55 101
55 3
55 5
55 19
55 17
55 8
55 54
55 65
55 102
55 60
55 52
55 96
55 88
55 15
55 2
55 48
55 92
55 107
55 110
55 104
55 86
55 87
55 55
56 122
56 92
56 70
56 111
56 120
56 28
56 17
56 115
56 13
56 63
56 5
56 50
56 110
56 8
56 89
56 39
56 111
56 98
56 24
56 74
56 35
56 33
56 89
56 7
56 35
56 45
56 66
56 108
56 91
56 69
56 38
56 27
56 115
56 120
56 73
56 6
56 53
56 7
56 109
56 97
56 82
56 33
56 60
56 77
56 60
56 33
56 46
56 62
56 82
56 33
56 119
56 71
56 76
56 38
56 64
56 109
56 58
56 101
56 78
56 91
57 127
57 114
57 66
57 1
57 79
57 79
57 52
57 111
57 18
57 97
57 118
57 33
57 81
57 4
57 119
57 100
57 7
57 31
57 31
57 51
57 105
57 79
57 27
57 74
57 92
57 46
57 52
57 45
57 74
57 69
57 12
57 94
57 39
57 51
57 78
57 55
57 105
57 113
57 10
57 126
57 99
57 82
57 56
57 42
57 38
57 84
57 102
57 18
57 94
57 96
57 125
57 93
57 10
57 49
57 19
57 19
57 25
57 95
57 5
57 18
58 65
58 24
58 69
58 67
58 30
58 106
58 60
58 125
58 4
58 99
58 10
58 105
58 116
58 7
58 31
58 98
58 107
58 100
58 110
58 75
58 26
58 83
58 43
58 103
58 79
58 18
58 5
58 75
58 72
58 120
58 33
58 108
58 17
58 64
58 101
58 29
58 56
58 36
58 110
58 106
58 22
58 85
58 80
58 69
58 8
58 9
58 71
58 121
58 77
58 69
58 21
58 91
58 96
58 32
58 73
58 54
58 114
58 72
58 12
59 48
59 52
59 106
59 9
59 65
59 47
59 43
59 88
59 35
59 62
59 39
59 5
59 61
59 1
59 92
59 93
59 108
59 25
59 107
59 35
59 23
59 4
59 50
59 119
59 72
59 4
59 2
59 21
59 26
59 93
59 22
59 104
59 4
59 67
59 46
59 98
59 118
59 127
59 115
59 35
59 29
59 118
59 4
59 44
59 124
59 50
59 102
59 127
59 27
59 37
59 3
59 19
59 19
59 80
59 69
59 49
59 35
59 25
59 56
59 36
60 116
60 122
60 11
60 95
60 3
60 75
60 39
60 17
60 98
60 64
60 103
60 62
60 97
60 9
60 97
60 3
60 124
60 124
60 52
60 117
60 45
60 107
60 28
60 77
60 71
60 23
60 106
60 38
60 2
60 7
60 32
60 121
60 71
60 112
60 127
60 14
60 107
60 75
60 64
60 34
60 84
60 1
60 47
60 75
60 20
60 66
60 36
60 32
60 55
60 21
60 17
60 119
60 28
60 57
60 27
60 39
60 110
60 126
60 74
60 43
60 1
60 11
60 75
60 39
61 63
61 37
61 83
61 48
61 9
61 13
61 13
61 15
61 59
61 48
61 10
61 44
61 88
61 65
61 40
61 31
61 114
61 100
61 45
61 41
61 113
61 30
61 9
61 66
61 30
61 75
61 117
61 39
61 52
61 117
61 25
61 102
61 107
61 121
61 74
61 2
61 51
61 115
61 85
61 38
61 99
61 64
61 111
61 100
61 54
61 104
61 101
61 45
61 11
61 49
61 83
61 95
61 122
61 116
61 57
61 71
62 108
62 66
62 96
62 58
62 62
62 23
62 37
62 17
62 125
62 82
62 21
62 27
62 76
62 66
62 45
62 85
62 90
62 13
62 79
62 35
62 29
62 72
62 78
62 76
62 107
62 93
62 43
62 23
62 100
62 81
62 30
62 103
62 4
62 112
62 78
62 117
62 96
62 40
62 20
62 115
62 92
62 95
62 90
62 59
62 67
62 82
62 103
62 16
62 91
62 4
62 26
62 5
62 63
62 89
62 69
62 126
62 96
62 69
62 19
62 126
62 56
62 84
63 3
63 89
63 104
63 44
63 61
63 8
63 56
63 54
63 6
63 109
63 86
63 20
63 31
63 84
63 48
63 79
63 85
63 40
63 30
63 107
63 120
63 101
63 30
63 66
63 73
63 100
63 100
63 102
63 48
63 35
63 18
63 37
63 123
63 85
63 10
63 47
63 92
63 29
63 3
63 104
63 109
63 10
63 11
63 61
63 64
63 101
63 58
63 17
63 81
63 50
63 72
63 94
63 39
63 60
63 61
63 114
63 91
63 14
63 111
64 13
64 101
64 49
64 99
64 110
64 12
64 95
64 1
64 14
64 109
64 93
64 9
64 87
64 51
64 26
64 18
64 100
64 105
64 113
64 42
64 39
64 99
64 18
64 43
64 88
64 64
64 108
64 106
64 40
64 31
64 44
64 28
64 35
64 7
64 92
64 80
64 65
64 67
64 58
64 43
64 17
64 5
64 1
64 57
64 1
64 66
64 99
64 10
64 114
64 112
64 2
64 61
64 125
64 4
64 67
64 36
64 101
64 45
64 118
64 24
65 121
65 125
65 48
65 28
65 28
65 71
65 85
65 96
65 45
65 116
65 66
65 65
65 96
65 98
65 60
65 75
65 17
65 2
65 1
65 58
65 62
65 50
65 64
65 46
65 81
65 125
65 74
65 90
65 12
65 25
65 82
65 15
65 16
65 83
65 106
65 70
65 21
65 79
65 41
65 13
65 120
65 4
65 14
65 109
65 111
65 13
65 79
65 112
65 46
65 48
65 84
65 42
65 17
65 121
65 3
65 5
65 51
65 33
65 68
65 50
66 38
66 121
66 7
66 109
66 32
66 51
66 58
66 24
66 116
66 76
66 94
66 123
66 22
66 116
66 44
66 87
66 29
66 13
66 44
66 69
66 24
66 114
66 66
66 125
66 39
66 110
66 86
66 68
66 104
66 109
66 55
66 33
66 70
66 121
66 5
66 36
66 66
66 12
66 69
66 83
66 80
66 32
66 9
66 79
66 90
66 79
66 34
66 6
66 58
66 60
66 31
66 68
66 33
66 22
66 8
66 3
66 12
66 7
66 18
66 114
67 75
67 118
67 75
67 20
67 88
67 97
67 85
67 15
67 72
67 71
67 102
67 127
67 102
67 43
67 80
67 117
67 88
67 94
67 70
67 66
67 12
67 37
67 35
67 28
67 63
67 18
67 123
67 120
67 93
67 11
67 88
67 11
67 50
67 32
67 82
67 100
67 87
67 41
67 70
67 4
67 70
67 111
67 68
67 98
67 58
67 31
67 92
67 72
67 94
67 48
67 36
67 3
67 100
67 125
67 78
67 52
67 122
67 92
67 123
68 68
68 45
68 17
68 109
68 31
68 98
68 49
68 31
68 87
68 46
68 119
68 87
68 70
68 3
68 57
68 43
68 85
68 4
68 48
68 24
68 3
68 43
68 108
68 4
68 68
68 6
68 114
68 40
68 39
68 99
68 58
68 97
68 79
68 112
68 123
68 20
68 20
68 8
68 105
68 34
68 77
68 3
68 9
68 122
68 22
68 74
68 97
68 85
68 118
68 65
68 32
68 66
68 118
68 102
68 87
68 60
68 119
68 100
68 79
68 116
69 50
69 39
69 104
69 9
69 98
69 40
69 111
69 38
69 47
69 44
69 12
69 27
69 44
69 103
69 126
69 67
69 71
69 127
69 15
69 88
69 72
69 73
69 118
69 2
69 88
69 22
69 2
69 42
69 116
69 45
69 46
69 22
69 83
69 3
69 44
69 21
69 121
69 59
69 71
69 6
69 35
69 15
69 10
69 94
69 119
69 52
69 41
69 74
69 53
69 38
69 12
69 29
69 54
69 66
69 8
69 21
69 127
69 56
69 24
69 69
69 18
69 20
69 86
69 101
70 6
70 70
70 107
70 126
70 100
70 120
70 122
70 101
70 12
70 53
70 109
70 95
70 1
70 111
70 49
70 26
70 57
70 25
70 18
70 54
70 78
70 49
70 32
70 88
70 49
70 78
70 84
70 106
70 28
70 87
70 103
70 109
70 100
70 67
70 59
70 54
70 29
70 108
70 20
70 57
70 88
70 101
70 3
70 93
70 8
70 16
70 70
70 5
70 5
70 125
70 71
70 119
70 56
70 44
70 111
70 124
71 111
71 115
71 66
71 40
71 113
71 21
71 23
71 22
71 7
71 97
71 32
71 67
71 70
71 71
71 84
71 62
71 124
71 122
71 83
71 59
71 119
71 81
71 77
71 92
71 39
71 120
71 26
71 55
71 59
71 36
71 114
71 87
71 120
71 95
71 39
71 59
71 49
71 35
71 37
71 46
71 46
71 115
71 9
71 70
71 99
71 5
71 122
71 9
71 47
71 43
71 22
71 79
71 75
71 18
71 94
71 118
71 63
71 86
71 91
71 79
72 125
72 118
72 83
72 72
72 119
72 26
72 10
72 44
72 78
72 37
72 53
72 23
72 124
72 93
72 109
72 107
72 15
72 123
72 7
72 102
72 86
72 100
72 1
72 120
72 114
72 62
72 16
72 87
72 20
72 125
72 101
72 49
72 61
72 108
72 103
72 93
72 110
72 6
72 2
72 16
72 60
72 116
72 106
72 16
72 93
72 36
72 82
72 54
72 17
72 99
72 37
72 119
72 83
72 21
72 93
72 47
72 66
72 48
72 78
72 120
73 63
73 110
73 92
73 100
73 3
73 37
73 126
73 82
73 90
73 107
73 72
73 84
73 108
73 81
73 70
73 95
73 12
73 36
73 65
73 6
73 33
73 64
73 98
73 3
73 66
73 113
73 110
73 80
73 103
73 69
73 108
73 126
73 109
73 65
73 109
73 118
73 41
73 48
73 93
73 112
73 16
73 45
73 92
73 23
73 116
73 95
73 15
73 18
73 83
73 118
73 57
73 94
73 2
73 22
73 111
73 67
73 57
73 61
73 105
73 127
74 12
74 62
74 18
74 19
74 13
74 35
74 21
74 61
74 96
74 75
74 34
74 35
74 47
74 106
74 86
74 59
74 32
74 58
74 60
74 82
74 68
74 123
74 4
74 27
74 5
74 3
74 103
74 86
74 61
74 74
74 94
74 88
74 72
74 32
74 19
74 97
74 87
74 45
74 93
74 31
74 29
74 38
74 51
74 84
74 13
74 23
74 58
74 108
74 85
74 26
74 19
74 76
74 123
74 68
74 55
74 111
74 102
74 17
74 6
74 105
75 71
75 103
75 61
75 112
75 79
75 78
75 35
75 46
75 78
75 126
75 30
75 102
75 79
75 88
75 105
75 72
75 3
75 110
75 50
75 32
75 30
75 7
75 53
75 27
75 63
75 50
75 6
75 3
75 23
75 55
75 123
75 17
75 114
75 105
75 117
75 10
75 35
75 16
75 127
75 109
75 77
75 76
75 114
75 69
75 40
75 48
75 48
75 103
75 74
75 10
75 87
75 37
75 115
75 48
75 114
75 49
75 46
75 24
75 65
75 51
75 99
76 61
76 29
76 47
76 13
76 101
76 2
76 53
76 42
76 50
76 110
76 118
76 68
76 117
76 119
76 6
76 6
76 117
76 57
76 88
76 38
76 12
76 11
76 75
76 24
76 106
76 109
76 100
76 74
76 59
76 35
76 17
76 47
76 5
76 80
76 101
76 8
76 1
76 18
76 22
76 55
76 11
76 40
76 49
76 121
76 17
76 95
76 49
76 49
76 10
76 124
76 10
76 69
76 44
76 28
76 44
76 61
76 11
76 27
76 112
77 115
77 43
77 96
77 79
77 127
77 109
77 30
77 37
77 117
77 69
77 15
77 92
77 39
77 124
77 117
77 101
77 25
77 116
77 50
77 37
77 50
77 12
77 91
77 86
77 88
77 88
77 25
77 104
77 46
77 14
77 18
77 8
77 101
77 59
77 41
77 76
77 10
77 97
77 37
77 5
77 76
77 17
77 51
77 7
77 28
77 32
77 48
77 70
77 44
77 57
77 57
77 29
77 122
77 39
77 74
77 6
77 92
77 90
77 65
77 29
77 71
78 5
78 94
78 22
78 93
78 8
78 72
78 91
78 93
78 113
78 76
78 39
78 19
78 58
78 69
78 57
78 35
78 36
78 21
78 121
78 110
78 68
78 97
78 122
78 44
78 1
78 26
78 9
78 88
78 18
78 6
78 47
78 36
78 41
78 113
78 12
78 7
78 16
78 20
78 55
78 45
78 22
78 4
78 21
78 126
78 122
78 56
78 122
78 70
78 51
78 42
78 92
78 15
78 70
78 53
78 77
78 114
78 72
78 42
78 68
78 3
79 121
79 89
79 91
79 61
79 43
79 60
79 95
79 1
79 24
79 71
79 5
79 38
79 19
79 62
79 59
79 59
79 42
79 62
79 22
79 85
79 9
79 25
79 74
79 38
79 58
79 121
79 12
79 92
79 119
79 14
79 62
79 106
79 38
79 112
79 87
79 5
79 52
79 12
79 98
79 127
79 66
79 30
79 38
79 99
79 66
79 116
79 26
79 112
79 24
79 113
79 119
79 14
79 63
79 50
79 19
79 44
79 32
79 69
79 79
79 111
80 69
80 60
80 23
80 103
80 52
80 115
80 36
80 18
80 27
80 56
80 94
80 33
80 64
80 106
80 111
80 79
80 52
80 56
80 127
80 77
80 101
80 86
80 88
80 32
80 82
80 79
80 27
80 80
80 102
80 104
80 107
80 87
80 80
80 25
80 83
80 67
80 105
80 53
80 94
80 118
80 22
80 46
80 24
80 8
80 98
80 36
80 113
80 34
80 114
80 71
80 107
80 102
80 86
80 22
80 47
80 42
80 94
80 7
80 78
81 41
81 76
81 122
81 118
81 54
81 10
81 123
81 52
81 47
81 54
81 1
81 21
81 66
81 66
81 80
81 54
81 11
81 126
81 53
81 54
81 19
81 24
81 13
81 23
81 96
81 53
81 67
81 78
81 104
81 5
81 112
81 117
81 114
81 25
81 82
81 46
81 2
81 39
81 126
81 71
81 23
81 11
81 16
81 80
81 13
81 1
81 39
81 12
81 7
81 17
81 71
81 41
81 54
81 53
81 31
81 86
81 20
81 37
81 33
81 89
81 103
81 122
82 53
82 44
82 94
82 124
82 119
82 59
82 103
82 33
82 35
82 9
82 1
82 75
82 59
82 84
82 53
82 14
82 25
82 77
82 86
82 112
82 5
82 40
82 43
82 18
82 3
82 54
82 60
82 44
82 14
82 62
82 124
82 77
82 19
82 103
82 5
82 85
82 59
82 31
82 84
82 50
82 114
82 46
82 12
82 3
82 22
82 42
82 89
82 105
82 126
82 109
82 76
82 5
82 14
82 51
82 57
82 26
82 85
82 118
82 23
82 87
83 29
83 82
83 2
83 27
83 89
83 69
83 125
83 28
83 2
83 11
83 16
83 98
83 19
83 109
83 126
83 76
83 19
83 41
83 122
83 29
83 67
83 51
83 64
83 87
83 6
83 37
83 72
83 60
83 117
83 1
83 122
83 108
83 3
83 24
83 126
83 125
83 52
83 108
83 54
83 30
83 61
83 71
83 103
83 96
83 9
83 20
83 98
83 14
83 117
83 25
83 105
83 102
83 86
83 119
83 70
83 9
83 11
83 75
84 109
84 21
84 76
84 122
84 40
84 50
84 86
84 46
84 16
84 66
84 6
84 71
84 5
84 89
84 86
84 77
84 98
84 44
84 7
84 102
84 61
84 50
84 25
84 101
84 71
84 37
84 61
84 76
84 26
84 31
84 23
84 35
84 59
84 121
84 7
84 8
84 16
84 89
84 21
84 81
84 101
84 23
84 55
84 55
84 119
84 86
84 19
84 17
84 116
84 26
84 95
84 80
84 41
84 66
84 62
84 112
84 77
84 23
84 2
84 24
85 14
85 28
85 61
85 19
85 102
85 45
85 109
85 103
85 62
85 46
85 58
85 117
85 71
85 81
85 108
85 13
85 45
85 57
85 49
85 82
85 63
85 114
85 79
85 63
85 26
85 56
85 127
85 23
85 68
85 127
85 45
85 11
85 116
85 11
85 88
85 43
85 75
85 79
85 106
85 64
85 14
85 119
85 98
85 29
85 26
85 20
85 108
85 6
85 74
85 70
85 114
85 112
85 14
85 18
85 85
85 19
85 61
85 83
85 125
85 21
86 72
86 70
86 103
86 89
86 69
86 76
86 110
86 15
86 109
86 1
86 94
86 59
86 111
86 45
86 6
86 59
86 57
86 85
86 15
86 60
86 117
86 51
86 92
86 61
86 99
86 40
86 10
86 116
86 12
86 67
86 8
86 5
86 16
86 64
86 110
86 40
86 96
86 86
86 44
86 65
86 19
86 28
86 43
86 8
86 126
86 65
86 46
86 94
86 66
86 12
86 35
86 51
86 60
86 20
86 28
86 127
86 83
86 80
86 71
86 10
86 108
86 122
86 4
86 3
86 33
87 107
87 46
87 20
87 18
87 15
87 21
87 59
87 46
87 118
87 2
87 112
87 61
87 8
87 2
87 69
87 125
87 80
87 69
87 60
87 63
87 5
87 94
87 105
87 6
87 35
87 31
87 82
87 43
87 106
87 85
87 24
87 65
87 8
87 66
87 8
87 1
87 45
87 86
87 21
87 99
87 68
87 109
87 97
87 80
87 51
87 4
87 85
87 111
87 77
87 116
87 123
87 57
87 28
87 40
87 58
88 111
88 106
88 96
88 57
88 75
88 12
88 108
88 1
88 47
88 110
88 92
88 68
88 58
88 86
88 17
88 56
88 91
88 117
88 55
88 103
88 51
88 1
88 103
88 4
88 16
88 72
88 46
88 57
88 116
88 58
88 74
88 85
88 69
88 93
88 57
88 121
88 82
88 5
88 106
88 91
88 54
88 36
88 79
88 74
88 65
88 91
88 126
88 54
88 82
88 58
88 113
88 124
88 96
88 125
88 84
88 107
88 14
88 46
88 110
88 41
89 37
89 95
89 73
89 7
89 113
89 30
89 93
89 123
89 124
89 13
89 102
89 95
89 100
89 59
89 110
89 124
89 14
89 8
89 71
89 75
89 54
89 18
89 77
89 16
89 28
89 52
89 5
89 94
89 59
89 52
89 5
89 82
89 86
89 88
89 49
89 35
89 125
89 83
89 120
89 91
89 4
89 105
89 81
89 29
89 72
89 81
89 4
89 114
89 76
89 60
89 76
89 81
89 93
89 35
89 30
89 38
89 56
89 34
89 95
89 105
90 75
90 127
90 107
90 19
90 46
90 37
90 55
90 30
90 88
90 77
90 9
90 44
90 72
90 73
90 41
90 93
90 35
90 53
90 70
90 105
90 92
90 83
90 5
90 113
90 39
90 32
90 109
90 96
90 72
90 113
90 96
90 25
90 19
90 119
90 124
90 15
90 106
90 13
90 47
90 74
90 100
90 55
90 4
90 59
90 76
90 78
90 9
90 16
90 15
90 96
90 21
90 77
90 11
90 25
90 65
90 46
90 96
90 54
90 35
90 111
90 75
90 74
90 7
90 63
91 37
91 31
91 102
91 90
91 10
91 111
91 82
91 119
91 50
91 124
91 42
91 119
91 118
91 67
91 61
91 94
91 76
91 92
91 5
91 22
91 2
91 96
91 15
91 20
91 100
91 46
91 29
91 107
91 125
91 63
91 27
91 15
91 28
91 92
91 16
91 52
91 38
91 10
91 56
91 92
91 52
91 49
91 110
91 120
91 61
91 24
91 121
91 34
91 60
91 78
91 102
91 26
91 127
91 127
91 46
91 21
91 38
92 125
92 91
92 88
92 6
92 3
92 10
92 59
92 105
92 49
92 1
92 7
92 59
92 75
92 38
92 81
92 3
92 30
92 43
92 6
92 102
92 105
92 74
92 114
92 52
92 67
92 59
92 91
92 42
92 90
92 99
92 18
92 42
92 40
92 49
92 17
92 7
92 31
92 111
92 1
92 8
92 39
92 14
92 23
92 122
92 55
92 64
92 111
92 58
92 16
92 85
92 37
92 1
92 104
92 69
92 111
92 39
92 28
92 3
92 115
93 100
93 38
93 28
93 89
93 38
93 85
93 68
93 122
93 68
93 28
93 59
93 51
93 9
93 27
93 4
93 57
93 45
93 46
93 85
93 52
93 82
93 41
93 2
93 8
93 89
93 67
93 110
93 38
93 36
93 25
93 72
93 102
93 122
93 37
93 26
93 108
93 46
93 73
93 18
93 34
93 121
93 120
93 117
93 52
93 92
93 76
93 90
93 51
93 6
93 46
93 125
93 91
93 85
93 41
93 105
93 60
93 115
93 104
93 126
93 7
94 42
94 108
94 120
94 100
94 9
94 72
94 43
94 106
94 41
94 23
94 32
94 60
94 36
94 12
94 117
94 33
94 44
94 22
94 50
94 45
94 61
94 11
94 79
94 41
94 127
94 11
94 102
94 100
94 114
94 103
94 119
94 78
94 110
94 44
94 41
94 9
94 97
94 7
94 103
94 12
94 5
94 41
94 119
94 95
94 78
94 113
94 98
94 28
94 71
94 75
94 40
94 2
94 52
94 63
94 127
94 83
94 66
94 62
94 54
94 63
95 23
95 53
95 126
95 27
95 112
95 3
95 22
95 33
95 20
95 99
95 90
95 85
95 76
95 82
95 85
95 47
95 28
95 121
95 40
95 126
95 22
95 22
95 106
95 46
95 39
95 56
95 3
95 126
95 25
95 69
95 2
95 67
95 92
95 27
95 27
95 27
95 60
95 115
95 18
95 81
95 62
95 117
95 104
95 95
95 47
95 110
95 47
95 127
95 92
95 27
95 38
95 68
95 1
95 11
95 89
95 119
95 104
95 4
95 94
95 2
95 86
96 66
96 67
96 73
96 125
96 88
96 64
96 109
96 116
96 97
96 46
96 121
96 109
96 56
96 126
96 112
96 15
96 21
96 93
96 46
96 39
96 3
96 20
96 70
96 121
96 73
96 69
96 4
96 95
96 113
96 102
96 38
96 5
96 121
96 14
96 17
96 35
96 107
96 27
96 39
96 101
96 36
96 12
96 66
96 51
96 66
96 80
96 63
96 52
96 117
96 86
96 52
96 55
96 78
96 82
96 40
96 16
96 42
96 44
96 69
97 19
97 91
97 55
97 67
97 46
97 46
97 50
97 75
97 61
97 55
97 66
97 83
97 22
97 83
97 43
97 40
97 53
97 89
97 28
97 51
97 7
97 2
97 13
97 123
97 16
97 33
97 94
97 42
97 64
97 62
97 63
97 78
97 41
97 2
97 84
97 94
97 57
97 107
97 30
97 61
97 63
97 70
97 42
97 80
97 117
97 105
97 80
97 95
97 60
97 88
97 91
97 76
97 19
97 8
97 27
97 65
97 40
97 115
97 21
97 124
97 72
97 10
97 89
98 25
98 36
98 92
98 122
98 91
98 71
98 19
98 118
98 118
98 38
98 119
98 116
98 12
98 73
98 9
98 107
98 107
98 114
98 120
98 123
98 35
98 55
98 9
98 71
98 47
98 6
98 31
98 28
98 64
98 3
98 91
98 58
98 15
98 66
98 81
98 68
98 115
98 59
98 49
98 30
98 117
98 50
98 101
98 14
98 8
98 93
98 109
98 55
98 16
98 8
98 22
98 111
98 72
98 49
98 68
98 105
98 49
99 52
99 9
99 65
99 76
99 31
99 120
99 61
99 37
99 39
99 45
99 82
99 99
99 29
99 86
99 64
99 2
99 116
99 116
99 116
99 105
99 66
99 87
99 119
99 72
99 32
99 56
99 36
99 76
99 65
99 22
99 77
99 111
99 82
99 74
99 28
99 70
99 21
99 2
99 63
99 74
99 36
99 96
99 47
99 120
99 20
99 71
99 77
99 96
99 105
99 31
99 82
99 55
99 24
99 81
99 27
99 114
99 101
99 87
99 104
99 16
100 65
100 103
100 65
100 26
100 110
100 21
100 77
100 68
100 9
100 93
100 83
100 94
100 77
100 70
100 18
100 43
100 24
100 1
100 16
100 12
100 46
100 29
100 34
100 120
100 16
100 51
100 103
100 83
100 67
100 34
100 85
100 97
100 34
100 91
100 14
100 59
100 97
100 39
100 94
100 123
100 73
100 17
100 7
100 23
100 62
100 104
100 104
100 56
100 88
100 43
100 24
100 24
100 22
100 85
100 88
100 109
100 94
100 44
100 17
100 52
101 45
101 93
101 59
101 21
101 61
101 8
101 4
101 42
101 107
101 68
101 55
101 36
101 100
101 46
101 49
101 36
101 40
101 90
101 59
101 71
101 81
101 1
101 19
101 97
101 117
101 4
101 82
101 2
101 70
101 53
101 73
101 84
101 66
101 34
101 54
101 54
101 94
101 116
101 70
101 28
101 68
101 120
101 38
101 29
101 43
101 21
101 66
101 26
101 32
101 39
101 123
101 80
101 60
101 6
101 116
101 21
101 20
101 1
101 97
101 69
101 49
102 43
102 34
102 105
102 36
102 60
102 53
102 95
102 72
102 105
102 94
102 32
102 58
102 69
102 87
102 58
102 24
102 1
102 125
102 55
102 106
102 55
102 127
102 72
102 42
102 119
102 72
102 95
102 59
102 112
102 8
102 109
102 111
102 111
102 46
102 57
102 61
102 31
102 4
102 81
102 53
102 90
102 53
102 120
102 99
102 102
102 127
102 109
102 5
102 68
102 79
102 44
102 34
102 8
102 64
102 61
102 47
102 31
102 21
102 118
103 33
103 105
103 90
103 94
103 98
103 2
103 101
103 15
103 4
103 94
103 86
103 69
103 112
103 57
103 110
103 49
103 90
103 77
103 46
103 78
103 117
103 1
103 61
103 79
103 127
103 57
103 9
103 109
103 118
103 105
103 13
103 43
103 30
103 74
103 98
103 1
103 25
103 123
103 45
103 12
103 3
103 57
103 100
103 42
103 62
103 84
103 81
103 98
103 71
103 44
103 29
103 74
103 10
103 89
103 66
103 90
103 95
103 107
103 56
103 30
103 56
103 1
103 24
103 108
103 10
103 27
103 45
103 115
103 35
104 93
104 113
104 37
104 8
104 60
104 36
104 110
104 116
104 91
104 7
104 105
104 1
104 69
104 95
104 15
104 44
104 3
104 40
104 103
104 75
104 93
104 83
104 49
104 124
104 104
104 1
104 127
104 33
104 88
104 19
104 113
104 67
104 47
104 89
104 72
104 93
104 83
104 99
104 2
104 82
104 46
104 99
104 113
104 60
104 124
104 26
104 75
104 123
104 83
104 61
104 65
104 60
104 118
104 17
104 71
105 15
105 61
105 44
105 27
105 47
105 13
105 102
105 91
105 41
105 52
105 48
105 91
105 36
105 58
105 30
105 47
105 78
105 18
105 22
105 38
105 80
105 125
105 76
105 83
105 40
105 30
105 26
105 11
105 17
105 61
105 71
105 25
105 29
105 92
105 64
105 117
105 30
105 30
105 13
105 34
105 35
105 18
105 119
105 18
105 44
105 48
105 74
105 66
105 49
105 126
105 111
105 47
105 117
105 28
105 99
105 82
105 75
105 16
105 58
106 61
106 58
106 122
106 102
106 23
106 108
106 101
106 69
106 114
106 14
106 74
106 92
106 16
106 35
106 54
106 95
106 33
106 6
106 46
106 108
106 91
106 5
106 29
106 43
106 30
106 114
106 6
106 87
106 126
106 124
106 60
106 57
106 36
106 112
106 108
106 91
106 101
106 3
106 61
106 70
106 38
106 42
106 119
106 90
106 92
106 46
106 68
106 62
106 42
106 80
106 92
106 53
106 22
106 49
106 40
106 99
106 40
107 91
107 43
107 103
107 112
107 112
107 5
107 56
107 25
107 125
107 30
107 110
107 87
107 76
107 36
107 87
107 85
107 30
107 62
107 32
107 21
107 102
107 124
107 122
107 32
107 34
107 50
107 15
107 97
107 58
107 27
107 121
107 12
107 37
107 127
107 126
107 36
107 121
107 47
107 92
107 124
107 5
107 83
107 4
107 37
107 103
107 103
107 25
107 50
107 55
107 87
107 13
107 92
107 63
107 84
107 80
107 96
107 103
107 120
107 72
107 3
107 122
108 2
108 71
108 100
108 66
108 73
108 85
108 99
108 111
108 76
108 1
108 52
108 80
108 107
108 44
108 10
108 43
108 125
108 79
108 46
108 88
108 63
108 121
108 27
108 34
108 101
108 33
108 98
108 78
108 41
108 6
108 60
108 50
108 84
108 3
108 83
108 81
108 76
108 116
108 6
108 52
108 100
108 57
108 127
108 75
108 74
108 55
108 95
108 31
108 70
108 34
108 54
108 39
108 56
108 44
108 44
108 13
108 71
108 66
108 108
109 11
109 50
109 15
109 68
109 38
109 33
109 38
109 87
109 60
109 105
109 15
109 120
109 119
109 29
109 10
109 127
109 117
109 62
109 25
109 78
109 92
109 104
109 90
109 85
109 57
109 110
109 18
109 113
109 6
109 58
109 122
109 34
109 1
109 109
109 114
109 8
109 8
109 37
109 126
109 81
109 78
109 85
109 70
109 69
109 38
109 56
109 79
109 6
109 56
109 83
109 124
109 43
109 75
109 70
109 70
109 12
109 4
109 83
109 32
109 88
110 116
110 55
110 122
110 52
110 35
110 67
110 73
110 4
110 56
110 105
110 103
110 92
110 103
110 112
110 18
110 5
110 121
110 73
110 101
110 63
110 15
110 4
110 26
110 112
110 59
110 93
110 41
110 103
110 116
110 63
110 30
110 93
110 74
110 110
110 83
110 57
110 6
110 97
110 57
110 85
110 106
110 3
110 51
110 85
110 44
110 107
110 74
110 106
110 95
110 50
110 90
110 20
110 2
110 52
110 87
110 85
110 23
110 32
110 35
110 74
111 20
111 10
111 123
111 31
111 73
111 23
111 33
111 104
111 7
111 4
111 33
111 3
111 3
111 103
111 22
111 36
111 78
111 112
111 68
111 47
111 4
111 99
111 114
111 44
111 94
111 8
111 104
111 111
111 124
111 121
111 20
111 124
111 116
111 127
111 47
111 63
111 64
111 64
111 109
111 32
111 80
111 55
111 57
111 49
111 52
111 54
111 55
111 110
111 37
111 82
111 60
111 28
111 102
111 75
111 31
111 9
111 52
111 94
111 58
111 36
111 41
112 39
112 37
112 84
112 59
112 31
112 118
112 62
112 49
112 33
112 69
112 73
112 8
112 53
112 15
112 97
112 60
112 24
112 37
112 4
112 127
112 56
112 91
112 13
112 104
112 99
112 47
112 56
112 51
112 127
112 70
112 100
112 11
112 117
112 41
112 110
112 106
112 47
112 14
112 107
112 52
112 78
112 64
112 58
112 91
112 27
112 59
112 41
112 5
112 69
112 68
112 104
112 11
112 105
112 55
112 50
112 12
112 74
112 16
112 14
113 112
113 20
113 96
113 80
113 94
113 118
113 109
113 38
113 28
113 41
113 12
113 56
113 124
113 9
113 58
113 94
113 55
113 87
113 51
113 120
113 5
113 69
113 99
113 123
113 119
113 41
113 16
113 113
113 115
113 6
113 15
113 108
113 73
113 79
113 105
113 66
113 48
113 113
113 62
113 67
113 89
113 85
113 22
113 116
113 77
113 69
113 44
113 64
113 38
113 90
113 79
113 63
113 5
113 10
113 125
113 91
113 53
113 95
113 10
113 103
114 46
114 111
114 116
114 44
114 89
114 53
114 36
114 73
114 49
114 125
114 29
114 104
114 17
114 104
114 108
114 81
114 122
114 86
114 93
114 121
114 4
114 72
114 40
114 55
114 8
114 104
114 26
114 25
114 121
114 6
114 69
114 97
114 86
114 114
114 14
114 51
114 23
114 126
114 125
114 114
114 52
114 126
114 126
114 82
114 111
114 98
114 40
114 18
114 23
114 105
114 21
114 35
114 102
114 91
114 26
114 60
114 115
114 15
114 116
114 43
114 70
114 86
114 43
115 34
115 3
115 56
115 11
115 96
115 122
115 66
115 59
115 29
115 23
115 41
115 56
115 32
115 31
115 74
115 18
115 71
115 52
115 84
115 111
115 58
115 125
115 103
115 76
115 17
115 35
115 94
115 22
115 43
115 38
115 39
115 23
115 60
115 24
115 62
115 82
115 79
115 37
115 73
115 82
115 108
115 78
115 34
115 7
115 73
115 30
115 42
115 122
115 68
115 83
115 61
115 54
115 98
115 37
115 72
115 123
115 26
116 12
116 85
116 24
116 82
116 125
116 59
116 58
116 13
116 3
116 48
116 48
116 47
116 73
116 62
116 43
116 38
116 105
116 121
116 89
116 57
116 48
116 64
116 113
116 93
116 80
116 46
116 120
116 41
116 15
116 12
116 107
116 59
116 93
116 61
116 123
116 114
116 98
116 56
116 97
116 109
116 55
116 35
116 110
116 45
116 7
116 49
116 110
116 2
116 57
116 20
116 84
116 77
116 112
116 100
116 26
116 88
116 75
116 78
116 52
116 11
117 106
117 118
117 45
117 85
117 24
117 91
117 91
117 80
117 78
117 59
117 46
117 19
117 20
117 89
117 72
117 24
117 18
117 39
117 14
117 74
117 2
117 61
117 42
117 77
117 71
117 121
117 108
117 54
117 7
117 104
117 121
117 2
117 80
117 72
117 120
117 111
117 65
117 22
117 62
117 71
117 48
117 13
117 98
117 20
117 5
117 68
117 31
117 41
117 117
117 18
117 43
117 83
117 22
117 22
117 123
117 14
117 74
117 90
117 46
117 54
117 119
117 45
117 39
118 47
118 46
118 52
118 85
118 112
118 25
118 33
118 12
118 87
118 79
118 54
118 115
118 21
118 7
118 10
118 125
118 12
118 111
118 14
118 115
118 83
118 64
118 101
118 58
118 7
118 38
118 111
118 62
118 71
118 64
118 42
118 72
118 41
118 113
118 111
118 127
118 23
118 123
118 8
118 103
118 117
118 17
118 58
118 118
118 79
118 65
118 92
118 12
118 91
118 35
118 70
118 124
118 2
118 4
118 47
118 65
118 89
118 4
119 17
119 10
119 38
119 75
119 6
119 45
119 92
119 46
119 30
119 91
119 30
119 10
119 47
119 111
119 30
119 18
119 90
119 76
119 3
119 28
119 127
119 43
119 41
119 29
119 1
119 45
119 125
119 91
119 64
119 105
119 53
119 46
119 17
119 24
119 105
119 15
119 14
119 60
119 125
119 16
119 72
119 85
119 107
119 91
119 7
119 77
119 116
119 55
119 116
119 3
119 33
119 86
119 23
119 53
119 61
119 89
119 82
119 76
119 61
119 94
120 102
120 57
120 101
120 82
120 109
120 119
120 79
120 102
120 81
120 85
120 80
120 97
120 55
120 18
120 81
120 9
120 16
120 32
120 100
120 17
120 99
120 41
120 121
120 123
120 66
120 62
120 15
120 34
120 44
120 20
120 39
120 39
120 127
120 65
120 65
120 112
120 57
120 25
120 35
120 113
120 80
120 107
120 112
120 63
120 5
120 94
120 75
120 56
120 91
120 80
120 14
120 2
120 106
120 76
120 56
120 22
120 69
120 111
120 108
120 61
120 97
120 46
120 27
121 34
121 47
121 23
121 13
121 35
121 38
121 7
121 116
121 67
121 75
121 115
121 121
121 113
121 64
121 108
121 25
121 43
121 41
121 63
121 76
121 46
121 66
121 71
121 110
121 82
121 69
121 53
121 28
121 61
121 108
121 116
121 62
121 126
121 55
121 22
121 101
121 86
121 72
121 32
121 120
121 31
121 105
121 92
121 70
121 93
121 101
121 52
121 55
121 90
121 69
121 124
121 119
121 21
121 19
121 37
121 44
121 72
122 98
122 118
122 105
122 89
122 120
122 85
122 102
122 31
122 102
122 56
122 49
122 42
122 87
122 86
122 69
122 121
122 60
122 17
122 40
122 47
122 101
122 65
122 12
122 19
122 1
122 84
122 13
122 28
122 39
122 20
122 41
122 72
122 48
122 10
122 77
122 90
122 78
122 113
122 27
122 124
122 20
122 67
122 92
122 69
122 45
122 102
122 65
122 6
122 44
122 110
122 110
122 83
122 126
122 95
122 66
122 127
122 41
122 50
122 14
122 27
122 70
123 78
123 35
123 38
123 19
123 36
123 49
123 110
123 108
123 60
123 35
123 10
123 111
123 120
123 76
123 3
123 102
123 80
123 66
123 90
123 87
123 93
123 76
123 10
123 118
123 74
123 114
123 67
123 109
123 106
123 17
123 91
123 52
123 48
123 39
123 44
123 73
123 95
123 127
123 46
123 82
123 43
123 12
123 115
123 123
123 87
123 106
123 38
123 4
123 95
123 116
123 45
123 45
123 42
123 25
123 24
123 7
123 5
123 69
123 48
124 68
124 13
124 57
124 1
124 49
124 80
124 88
124 103
124 21
124 48
124 85
124 55
124 87
124 31
124 49
124 69
124 63
124 125
124 7
124 40
124 54
124 56
124 99
124 110
124 123
124 100
124 99
124 40
124 75
124 41
124 60
124 118
124 43
124 107
124 32
124 46
124 85
124 114
124 74
124 92
124 57
124 60
124 55
124 35
124 119
124 51
124 74
124 123
124 61
124 25
124 52
124 4
124 58
124 63
124 96
124 93
124 20
124 68
124 58
124 111
125 125
125 14
125 86
125 41
125 45
125 98
125 23
125 87
125 126
125 55
125 67
125 97
125 70
125 41
125 55
125 12
125 28
125 51
125 50
125 124
125 34
125 112
125 46
125 18
125 65
125 21
125 120
125 122
125 125
125 98
125 58
125 84
125 26
125 70
125 2
125 79
125 113
125 78
125 9
125 100
125 69
125 94
125 82
125 68
125 26
125 24
125 98
125 88
125 82
125 72
125 102
125 100
125 115
125 4
125 37
125 10
125 116
125 84
125 21
126 8
126 44
126 36
126 56
126 21
126 124
126 59
126 35
126 101
126 119
126 118
126 90
126 41
126 35
126 57
126 13
126 49
126 96
126 28
126 24
126 10
126 70
126 114
126 122
126 71
126 87
126 59
126 14
126 80
126 91
126 84
126 108
126 44
126 7
126 25
126 106
126 56
126 101
126 112
126 32
126 17
126 98
126 47
126 30
126 39
126 67
126 46
126 47
126 22
126 108
126 92
126 50
126 93
126 109
126 93
126 64
126 30
126 63
126 125
126 121
127 99
127 86
127 119
127 62
127 100
127 122
127 7
127 114
127 48
127 121
127 120
127 64
127 27
127 28
127 66
127 116
127 106
127 24
127 105
127 37
127 124
127 2
127 65
127 51
127 73
127 25
127 4
127 11
127 1
127 95
127 41
127 123
127 77
127 38
127 28