5 12
5 5
5 19
5 113
5 97
5 96
5 5
5 99
5 111
5 112
5 111
5 27
5 14
5 43
5 9
5 125
5 61
5 110
5 36
5 5
5 21
5 37
5 123
5 121
5 13
5 92
5 84
5 41
5 119
5 14
5 31
5 116
5 70
5 76
5 63
5 53
5 116
5 59
5 66
5 117
5 114
5 50
5 116
5 118
5 42
5 18
5 59
5 31
5 46
5 72
5 118
5 62
5 13
5 112
5 80
5 19
5 30
5 7
5 20
5 73
5 91
5 125
5 54
6 65
6 24
6 87
6 83
6 55
6 122
6 17
6 71
6 78
6 48
6 7
6 21
6 3
6 69
6 126
6 85
6 62
6 118
6 91
6 73
6 21
6 83
6 27
6 56
6 85
6 24
6 40
6 56
6 109
6 80
6 56
6 65
6 16
6 87
6 62
6 79
6 126
6 30
6 102
6 73
6 22
6 88
6 70
6 69
6 3
6 97
6 69
6 87
6 15
6 58
6 9
6 18
6 56
6 116
6 87
6 109
6 30
6 110
6 119
7 34
7 71
7 11
7 81
7 106
7 13
7 14
7 123
7 62
7 28
7 111
7 69
7 10
7 31
7 116
7 49
7 79
7 53
7 108
7 38
7 120
7 10
7 103
7 109
7 59
7 104
7 72
7 85
7 7
7 119
7 112
7 49
7 49
7 42
7 28
7 30
7 42
7 69
7 16
7 23
7 31
7 32
7 105
7 30
7 79
7 72
7 59
7 84
7 17
7 53
7 16
7 8
7 75
7 100
7 93
7 58
7 85
7 18
7 5
7 45
8 74
8 62
8 99
8 99
8 79
8 123
8 25
8 12
8 63
8 44
8 8
8 99
8 117
8 68
8 54
8 32
8 116
8 60
8 51
8 84
8 3
8 4
8 89
8 119
8 121
8 79
8 97
8 69
8 111
8 32
8 98
8 35
8 63
8 107
8 39
8 76
8 121
8 121
8 24
8 15
8 61
8 43
8 73
8 87
8 66
8 97
8 76
8 120
8 22
8 87
8 18
8 7
8 52
8 103
8 28
8 35
8 82
8 78
8 39
8 86
9 118
9 60
9 126
9 75
9 58
9 122
9 127
9 56
9 36
9 4
9 41
9 98
9 59
9 125
9 123
9 28
9 125
9 37
9 58
9 113
9 117
9 49
9 15
9 20
9 95
9 62
9 37
9 110
9 102
9 15
9 42
9 126
9 40
9 13
9 106
9 110
9 37
9 41
9 3
9 116
9 92
9 77
9 68
9 30
9 23
9 82
9 88
9 110
9 116
9 122
9 10
9 93
9 114
9 122
9 7
9 106
9 98
9 2
9 74
9 50
9 64
9 21
9 49
9 121
9 111
10 7
10 22
10 51
10 11
10 103
10 104
10 64
10 66
10 101
10 89
10 48
10 42
10 62
10 127
10 59
10 36
10 58
10 33
10 112
10 90
10 91
10 124
10 123
10 100
10 5
10 7
10 47
10 92
10 102
10 24
10 55
10 48
10 85
10 85
10 69
10 10
10 41
10 2
10 114
10 75
10 90
10 32
10 77
10 23
10 97
10 55
10 70
10 56
10 72
10 74
10 17
10 38
10 10
10 47
10 79
10 8
10 45
10 69
11 52
11 103
11 24
11 39
11 70
11 84
11 96
11 77
11 24
11 71
11 86
11 73
11 96
11 54
11 17
11 15
11 86
11 93
11 52
11 12
11 67
11 85
11 19
11 10
11 87
11 127
11 61
11 35
11 107
11 118
11 82
11 106
11 119
11 82
11 117
11 55
11 74
11 72
11 43
11 67
11 65
11 121
11 29
11 31
11 120
11 31
11 16
11 86
11 124
11 108
11 110
11 58
11 127
11 63
11 4
11 78
11 108
12 13
12 94
12 41
12 67
12 10
12 95
12 24
12 90
12 114
12 29
12 1
12 89
12 16
12 66
12 33
12 42
12 102
12 64
12 26
12 68
12 42
12 94
12 53
12 13
12 57
12 53
12 29
12 91
12 91
12 26
12 119
12 78
12 24
12 29
12 113
12 13
12 60
12 79
12 52
12 81
12 109
12 35
12 48
12 10
12 70
12 98
12 28
12 110
12 18
12 86
12 75
12 94
12 13
12 45
12 82
12 49
12 67
12 26
12 9
12 16
12 44
13 111
13 122
13 67
13 42
13 16
13 65
13 17
13 127
13 72
13 120
13 79
13 126
13 45
13 6
13 107
13 111
13 102
13 53
13 112
13 13
13 91
13 3
13 51
13 32
13 119
13 8
13 21
13 98
13 56
13 93
13 78
13 115
13 121
13 3
13 124
13 81
13 67
13 82
13 66
13 34
13 46
13 119
13 63
13 72
13 9
13 35
13 46
13 99
13 43
13 98
13 127
13 37
13 50
13 53
13 32
13 83
13 37
13 115
13 50
14 95
14 76
14 16
14 45
14 39
14 95
14 83
14 65
14 94
14 11
14 22
14 22
14 45
14 73
14 25
14 27
14 127
14 97
14 76
14 14
14 54
14 67
14 36
14 119
14 95
14 50
14 52
14 24
14 22
14 44
14 86
14 35
14 119
14 82
14 16
14 44
14 68
14 42
14 92
14 87
14 80
14 65
14 66
14 90
14 36
14 40
14 49
14 38
14 71
14 108
14 68
14 41
14 81
14 58
14 61
14 82
14 126
14 62
14 55
14 27
14 5
14 23
14 111
15 40
15 120
15 111
15 91
15 76
15 47
15 81
15 53
15 72
15 90
15 66
15 12
15 55
15 24
15 81
15 86
15 97
15 51
15 61
15 67
15 70
15 23
15 4
15 61
15 97
15 34
15 46
15 11
15 86
15 34
15 99
15 112
15 127
15 85
15 97
15 68
15 11
15 42
15 57
15 110
15 53
15 44
15 87
15 65
15 52
15 75
15 49
15 81
15 99
15 127
15 32
15 124
15 34
15 46
15 113
15 120
15 112
15 58
16 24
16 80
16 124
16 30
16 81
16 98
16 47
16 87
16 35
16 58
16 81
16 67
16 46
16 117
16 1
16 68
16 115
16 90
16 120
16 47
16 73
16 100
16 37
16 75
16 17
16 28
16 55
16 106
16 97
16 91
16 120
16 58
16 109
16 113
16 52
16 48
16 73
16 32
16 11
16 23
16 83
16 34
16 44
16 3
16 15
16 40
16 76
16 120
16 58
16 23
16 44
16 10
16 47
16 32
16 113
16 109
16 24
16 12
16 97
17 86
17 119
17 66
17 99
17 77
17 34
17 114
17 66
17 83
17 17
17 23
17 55
17 103
17 123
17 90
17 121
17 25
17 75
17 37
17 127
17 95
17 103
17 73
17 118
17 80
17 100
17 46
17 49
17 46
17 24
17 89
17 86
17 11
17 13
17 24
17 117
17 95
17 80
17 118
17 84
17 74
17 116
17 11
17 118
17 24
17 39
17 54
17 52
17 92
17 52
17 49
17 19
17 23
17 5
17 127
17 54
17 7
17 5
17 105
17 65
17 62
17 25
17 26
17 26
17 101
17 61
18 15
18 61
18 59
18 101
18 57
18 4
18 82
18 97
18 102
18 115
18 48
18 62
18 44
18 80
18 123
18 74
18 85
18 1
18 49
18 108
18 66
18 18
18 59
18 12
18 102
18 75
18 77
18 69
18 125
18 96
18 76
18 108
18 47
18 100
18 86
18 42
18 12
18 1
18 7
18 91
18 69
18 10
18 47
18 95
18 70
18 113
18 48
18 87
18 68
18 35
18 4
18 89
18 41
18 112
19 96
19 34
19 5
19 55
19 44
19 73
19 108
19 73
19 114
19 4
19 22
19 65
19 14
19 24
19 109
19 109
19 52
19 97
19 5
19 79
19 114
19 102
19 26
19 101
19 37
19 58
19 36
19 52
19 124
19 97
19 54
19 20
19 103
19 53
19 87
19 109
19 98
19 35
19 35
19 61
19 123
19 124
19 108
19 66
19 104
19 35
19 82
19 49
19 77
19 102
19 115
19 27
19 13
19 46
19 17
19 34
19 95
19 8
19 111
19 72
20 56
20 114
20 54
20 56
20 19
20 68
20 114
20 127
20 76
20 53
20 120
20 40
20 40
20 87
20 101
20 122
20 114
20 81
20 42
20 47
20 61
20 39
20 39
20 94
20 72
20 108
20 81
20 111
20 29
20 32
20 19
20 107
20 83
20 106
20 9
20 8
20 95
20 57
20 113
20 75
20 111
20 109
20 65
20 20
20 109
20 35
20 93
20 123
20 56
20 21
20 119
20 24
20 99
20 75
20 53
20 22
20 80
20 89
20 72
20 36
21 66
21 77
21 27
21 83
21 105
21 52
21 11
21 83
21 41
21 78
21 95
21 92
21 34
21 110
21 33
21 26
21 20
21 23
21 61
21 29
21 118
21 62
21 21
21 3
21 28
21 86
21 7
21 66
21 50
21 37
21 114
21 30
21 10
21 126
21 88
21 113
21 43
21 32
21 74
21 118
21 22
21 93
21 115
21 84
21 57
21 93
21 1
21 9
21 83
21 16
21 125
21 82
21 58
21 7
21 58
21 78
21 31
21 11
21 37
21 113
22 61
22 46
22 85
22 122
22 19
22 43
22 93
22 65
22 46
22 52
22 101
22 25
22 34
22 24
22 17
22 104
22 79
22 4
22 108
22 112
22 94
22 103
22 71
22 99
22 38
22 126
22 87
22 91
22 83
22 15
22 79
22 26
22 30
22 106
22 108
22 13
22 19
22 111
22 69
22 96
22 2
22 94
22 124
22 106
22 7
22 8
22 77
22 8
22 23
22 110
22 31
22 100
22 27
22 54
22 21
22 6
22 71
22 99
22 116
22 15
23 110
23 60
23 6
23 39
23 3
23 78
23 50
23 123
23 8
23 31
23 39
23 34
23 58
23 80
23 101
23 76
23 28
23 61
23 92
23 17
23 112
23 50
23 73
23 41
23 102
23 52
23 115
23 100
23 17
23 49
23 127
23 2
23 56
23 100
23 53
23 56
23 87
23 40
23 20
23 43
23 65
23 86
23 39
23 36
23 82
23 73
23 81
23 55
23 24
23 94
23 97
23 120
23 2
23 51
23 57
23 124
23 84
23 122
23 125
23 125
24 26
24 105
24 6
24 104
24 106
24 89
24 65
24 7
24 117
24 113
24 125
24 40
24 100
24 17
24 5
24 120
24 15
24 59
24 89
24 52
24 70
24 102
24 54
24 47
24 23
24 86
24 28
24 45
24 98
24 8
24 53
24 20
24 30
24 121
24 22
24 82
24 22
24 39
24 115
24 115
24 89
24 69
24 62
24 123
24 34
24 110
24 37
24 15
24 24
24 12
24 45
24 65
24 34
24 107
24 37
24 48
24 36
24 78
24 127
24 54
25 31
25 65
25 58
25 113
25 34
25 115
25 82
25 28
25 44
25 122
25 121
25 98
25 49
25 44
25 50
25 66
25 7
25 92
25 52
25 69
25 17
25 114
25 97
25 20
25 50
25 115
25 15
25 24
25 29
25 59
25 121
25 77
25 99
25 107
25 102
25 6
25 30
25 93
25 39