4 19
4 124
5 3
5 81
5 114
5 34
5 44
5 116
5 126
5 123
5 107
5 30
5 104
5 67
5 73
5 33
5 32
5 8
5 88
5 59
5 95
5 31
5 44
5 70
5 63
5 22
5 111
5 39
5 76
5 37
5 40
5 58
5 66
5 107
5 22
5 50
5 92
5 58
5 21
5 121
5 94
5 48
5 116
5 33
5 65
5 93
5 71
5 66
5 92
5 67
5 33
5 117
5 21
5 56
5 85
5 47
5 102
5 73
5 91
5 62
5 122
5 107
6 95
6 13
6 72
6 76
6 55
6 122
6 94
6 64
6 9
6 45
6 124
6 53
6 24
6 35
6 42
6 5
6 84
6 81
6 97
6 98
6 81
6 25
6 56
6 102
6 12
6 29
6 53
6 106
6 26
6 8
6 86
6 27
6 24
6 45
6 8
6 69
6 76
6 33
6 17
6 103
6 123
6 75
6 6
6 10
6 19
6 49
6 70
6 29
6 101
6 73
6 37
6 9
6 72
6 117
6 74
6 25
6 108
6 38
6 99
6 15
6 59
7 47
7 126
7 36
7 121
7 88
7 39
7 34
7 109
7 24
7 94
7 12
7 55
7 38
7 79
7 19
7 30
7 40
7 105
7 3
7 103
7 8
7 3
7 72
7 3
7 3
7 62
7 23
7 121
7 96
7 88
7 109
7 9
7 86
7 76
7 31
7 5
7 83
7 23
7 101
7 117
7 127
7 100
7 25
7 125
7 103
7 23
7 37
7 39
7 22
7 65
7 102
7 122
7 54
7 7
7 73
7 40
7 91
7 109
7 55
8 87
8 36
8 44
8 68
8 23
8 12
8 1
8 126
8 60
8 83
8 126
8 117
8 81
8 115
8 53
8 36
8 57
8 119
8 2
8 26
8 52
8 11
8 31
8 59
8 5
8 48
8 114
8 80
8 87
8 93
8 103
8 28
8 117
8 120
8 11
8 18
8 65
8 99
8 34
8 119
8 67
8 80
8 65
8 79
8 117
8 104
8 3
8 72
8 127
8 64
8 98
8 91
8 80
8 15
8 31
8 47
8 63
8 58
8 62
8 7
8 78
9 126
9 83
9 68
9 120
9 123
9 89
9 27
9 3
9 88
9 91
9 23
9 1
9 69
9 45
9 32
9 61
9 74
9 102
9 100
9 106
9 82
9 88
9 82
9 117
9 53
9 66
9 103
9 64
9 79
9 82
9 92
9 85
9 90
9 99
9 53
9 53
9 20
9 52
9 91
9 1
9 80
9 48
9 109
9 71
9 64
9 4
9 22
9 49
9 98
9 56
9 39
9 50
9 34
9 67
9 65
9 28
9 50
9 86
9 29
10 16
10 40
10 81
10 30
10 58
10 2
10 120
10 19
10 78
10 16
10 20
10 104
10 98
10 68
10 15
10 14
10 104
10 79
10 7
10 28
10 75
10 94
10 25
10 69
10 62
10 19
10 51
10 15
10 59
10 56
10 1
10 32
10 58
10 90
10 58
10 112
10 53
10 95
10 14
10 46
10 85
10 103
10 117
10 24
10 82
10 18
10 27
10 35
10 63
10 61
10 57
10 56
10 66
10 121
10 58
10 72
10 118
10 58
10 36
10 46
10 5
11 73
11 9
11 6
11 31
11 26
11 119
11 14
11 6
11 53
11 102
11 33
11 98
11 116
11 71
11 48
11 112
11 52
11 73
11 9
11 31
11 57
11 55
11 37
11 32
11 57
11 103
11 66
11 52
11 4
11 69
11 47
11 3
11 49
11 96
11 108
11 17
11 67
11 120
11 104
11 15
11 111
11 26
11 27
11 110
11 36
11 119
11 64
11 105
11 13
11 92
11 23
11 37
11 53
11 57
11 74
11 98
11 26
11 30
11 52
12 123
12 1
12 83
12 29
12 59
12 92
12 31
12 20
12 22
12 71
12 60
12 98
12 102
12 93
12 91
12 31
12 38
12 93
12 10
12 47
12 82
12 102
12 72
12 67
12 65
12 116
12 75
12 127
12 107
12 24
12 35
12 14
12 88
12 109
12 19
12 52
12 116
12 98
12 36
12 12
12 100
12 78
12 72
12 62
12 1
12 40
12 112
12 115
12 2
12 40
12 18
12 47
12 24
12 22
12 18
12 91
12 19
12 83
12 114
12 28
13 21
13 69
13 99
13 9
13 74
13 29
13 5
13 90
13 9
13 56
13 87
13 47
13 18
13 106
13 15
13 47
13 126
13 48
13 72
13 62
13 117
13 56
13 65
13 64
13 35
13 115
13 116
13 20
13 117
13 17
13 83
13 88
13 122
13 102
13 43
13 80
13 72
13 64
13 34
13 114
13 93
13 69
13 13
13 42
13 23
13 110
13 35
13 111
13 50
13 73
13 27
13 35
13 110
13 98
13 78
13 72
13 123
13 74
13 36
13 126
14 37
14 81
14 127
14 72
14 91
14 99
14 6
14 86
14 26
14 34
14 105
14 21
14 15
14 33
14 61
14 119
14 114
14 71
14 49
14 101
14 27
14 22
14 20
14 85
14 37
14 92
14 115
14 95
14 58
14 96
14 18
14 32
14 89
14 7
14 79
14 22
14 126
14 43
14 81
14 77
14 5
14 49
14 67
14 92
14 34
14 110
14 111
14 94
14 3
14 37
14 86
14 27
14 85
14 94
14 20
14 91
14 25
14 57
14 89
14 109
15 96
15 12
15 43
15 88
15 22
15 59
15 38
15 108
15 63
15 123
15 95
15 84
15 107
15 80
15 10
15 31
15 33
15 107
15 84
15 118
15 5
15 34
15 105
15 75
15 8
15 33
15 49
15 92
15 111
15 2
15 40
15 104
15 51
15 106
15 20
15 7
15 113
15 87
15 12
15 48
15 20
15 57
15 81
15 39
15 127
15 12
15 58
15 89
15 93
15 101
15 4
15 83
15 28
15 33
15 29
15 108
15 107
15 42
15 38
15 70
16 4
16 79
16 112
16 20
16 106
16 62
16 65
16 98
16 105
16 30
16 86
16 83
16 88
16 21
16 2
16 7
16 50
16 65
16 78
16 92
16 51
16 108
16 51
16 70
16 118
16 37
16 95
16 40
16 14
16 59
16 37
16 91
16 37
16 124
16 17
16 45
16 126
16 66
16 37
16 88
16 45
16 95
16 85
16 3
16 111
16 29
16 16
16 99
16 75
16 91
16 42
16 88
16 76
16 76
16 31
16 33
16 61
16 5
16 61
16 53
17 38
17 69
17 90
17 89
17 31
17 33
17 53
17 52
17 26
17 68
17 93
17 7
17 100
17 80
17 106
17 62
17 44
17 98
17 90
17 29
17 76
17 26
17 39
17 106
17 86
17 39
17 14
17 103
17 38
17 31
17 116
17 14
17 32
17 98
17 50
17 48
17 52
17 10
17 17
17 121
17 66
17 102
17 56
17 3
17 21
17 110
17 108
17 94
17 20
17 28
17 54
17 118
17 31
17 106
17 80
17 101
17 26
17 62
17 105
17 54
18 99
18 4
18 125
18 112
18 63
18 51
18 10
18 116
18 41
18 34
18 4
18 80
18 112
18 47
18 47
18 43
18 76
18 113
18 33
18 48
18 44
18 5
18 121
18 126
18 47
18 30
18 118
18 118
18 32
18 77
18 107
18 36
18 49
18 121
18 45
18 19
18 100
18 124
18 85
18 41
18 39
18 15
18 115
18 71
18 63
18 114
18 109
18 47
18 72
18 37
18 20
18 63
18 90
18 19
18 41
18 31
18 70
18 36
18 93
18 78
19 60
19 110
19 42
19 124
19 60
19 56
19 92
19 60
19 18
19 60
19 74
19 4
19 100
19 76
19 36
19 69
19 16
19 44
19 58
19 72
19 100
19 35
19 45
19 87
19 5
19 99
19 32
19 6
19 8
19 1
19 36
19 120
19 11
19 15
19 6
19 46
19 84
19 117
19 54
19 39
19 78
19 39
19 103
19 112
19 1
19 98
19 38
19 80
19 86
19 102
19 97
19 88
19 36
19 120
19 20
19 115
19 55
19 55
19 12
19 54
19 73
20 22
20 109
20 101
20 9
20 98
20 23
20 48
20 82
20 118
20 58
20 109
20 115
20 33
20 31
20 92
20 71
20 8
20 52
20 117
20 21
20 77
20 56
20 59
20 2
20 123
20 96
20 67
20 41
20 31
20 57
20 7
20 108
20 22
20 33
20 22
20 126
20 65
20 31
20 44
20 36
20 118
20 120
20 71
20 69
20 81
20 65
20 29
20 32
20 24
20 113
20 12
20 109
20 107
20 43
20 110
20 126
20 23
20 1
20 23
20 125
20 106
20 20
20 6
20 19
21 71
21 117
21 46
21 79
21 66
21 85
21 76
21 109
21 30
21 98
21 11
21 61
21 61
21 112
21 124
21 94
21 107
21 8
21 83
21 95
21 106
21 2
21 67
21 114
21 58
21 37
21 45
21 65
21 14
21 25
21 5
21 52
21 55
21 94
21 12
21 65
21 41
21 100
21 2
21 17
21 124
21 88
21 94
21 120
21 40
21 71
21 126
21 99
21 72
21 13
21 3
21 21
21 28
21 77
21 127
22 36
22 87
22 97
22 65
22 16
22 9
22 43
22 39
22 119
22 42
22 72
22 105
22 53
22 11
22 19
22 49
22 28
22 87
22 102
22 2
22 70
22 15
22 76
22 105
22 55
22 58
22 34
22 65
22 113
22 73
22 111
22 40
22 56
22 44
22 103
22 70
22 71
22 68
22 61
22 65
22 71
22 105
22 35
22 40
22 9
22 41
22 105
22 68
22 96
22 23
22 50
22 82
22 20
22 103
22 92
22 97
22 19
22 111
22 102
22 103
23 81
23 18
23 112
23 90
23 106
23 44
23 20
23 25
23 119
23 48
23 63
23 69
23 11
23 64
23 96
23 17
23 86
23 55
23 64
23 74
23 101
23 77
23 12
23 63
23 27
23 14
23 55
23 12
23 105
23 55
23 73
23 109
23 122
23 4
23 54
23 45
23 23
23 77
23 125
23 28
23 17
23 105
23 122
23 79
23 88
23 32
23 46
23 44
23 123
23 44
23 12
23 82
23 124
23 89
23 44
23 89
23 74
23 92
23 88
23 123
23 33
24 84
24 73
24 108
24 29
24 63
24 40
24 67
24 102
24 12
24 63
24 10
24 113
24 50
24 4
24 101
24 97
24 107
24 18
24 7
24 85
24 110
24 123
24 28
24 26
24 47
24 75
24 62
24 18
24 24
24 114
24 105
24 122
24 35
24 67
24 39
24 37
24 92
24 71
24 21
24 29
24 87
24 84
24 59
24 2
24 7
24 24
24 83
24 59
24 90
24 48
24 109
24 5
24 87
24 24
24 100
24 95
24 50
24 9
24 80
25 64
25 6
25 62
25 48
25 117
25 25
25 67
25 36
25 71
25 36
25 15
25 8
25 7
25 66
25 3
25 84
25 83
25 88
25 124
25 65
25 20
25 99
25 83
25 22
25 36
25 88
25 23
25 45
25 19
25 2
25 124
25 42
25 54
25 124
25 78
25 23
25 67
25 49
25 93
25 127
25 21
25 9
25 82
25 3
25 2
25 69
25 11
25 23
25 119
25 39
25 55
25 119
25 109
25 43
25 121
25 91
25 108
25 26
25 116
25 95
25 114
26 20
26 24
26 83
26 16
26 121
26 64
26 27
26 113
26 7
26 3
26 47
26 40
26 76
26 95
26 26
26 59
26 120
26 62
26 89
26 3
26 116
26 109
26 15
26 93
26 27
26 66
26 91
26 39
26 8
26 83
26 4
26 32
26 50
26 32
26 35
26 60
26 72
26 38
26 27
26 85
26 95
26 28
26 52
26 36
26 38
26 78
26 17
26 86
26 94
26 101
26 14
26 58
26 41
26 44
26 85
26 25
26 50
26 124
26 103
26 66
26 85
27 51
27 20
27 82
27 35
27 41
27 71
27 126
27 33
27 19
27 48
27 107
27 86
27 68
27 82
27 74
27 34
27 77
27 92
27 66
27 65
27 37
27 47
27 56
27 103
27 22
27 41
27 82
27 127
27 63
27 105
27 114
27 125
27 73
27 125
27 61
27 13
27 62
27 92
27 98
27 9
27 122
27 47
27 18
27 18
27 33
27 3
27 127
27 32
27 65
27 82
27 26
27 52
27 91
27 21
27 82
27 72
27 126
27 109
28 47
28 53
28 57
28 53
28 30
28 60
28 42
28 40
28 37
28 77
28 24
28 30
28 112
28 82
28 66
28 91
28 75
28 29
28 51
28 25
28 110
28 38
28 113
28 38
28 49
28 69
28 74
28 85
28 85
28 73
28 120
28 24
28 32
28 65
28 93
28 42
28 24
28 55
28 35
28 124
28 36
28 35
28 2
28 84
28 27
28 125
28 88
28 56
28 85
28 85
28 114
28 29
28 49
28 63
28 9
28 65
28 41
28 76
28 81
28 34
28 100
28 38
28 119
28 90
29 74
29 72
29 58
29 59
29 39
29 71
29 38
29 18
29 99
29 120
29 6
29 43
29 37
29 60
29 52
29 4
29 51
29 54
29 125
29 94
29 105
29 113
29 14
29 96
29 112
29 47
29 32
29 79
29 125
29 3
29 23
29 44
29 2
29 43
29 54
29 120
29 66
29 85
29 111
29 59
29 60
29 64
29 100
29 122
29 28
29 102
29 122
29 7
29 42
29 30
29 6
29 44
29 116
29 4
29 99
29 98
29 126
29 12
30 40
30 59
30 15
30 48
30 2
30 66
30 82
30 5
30 6
30 56
30 2
30 75
30 18
30 78
30 46
30 44
30 105
30 29
30 90
30 36
30 126
30 106
30 35
30 15
30 78
30 44
30 84
30 77
30 82
30 6
30 64
30 40
30 61
30 61
30 110
30 52
30 19
30 59
30 50
30 124
30 56
30 102
30 103
30 83
30 7
30 55
30 66
30 43
30 5
30 54
30 64
30 75
30 125
30 55
30 41
30 71
30 6
30 102
31 3
31 5
31 26
31 46
31 14
31 68
31 42
31 127
31 70
31 45
31 56
31 45
31 126
31 107
31 39
31 12
31 2
31 85
31 106
31 74
31 63
31 2
31 84
31 92
31 20
31 13
31 54
31 33
31 99
31 116
31 22
31 37
31 94
31 54
31 46
31 86
31 12
31 23
31 93
31 97
31 90
31 98
31 43
31 30
31 96
31 120
31 94
31 17
31 17
31 104
31 10
31 29
31 53
31 95
31 56
31 119
31 16
31 16
31 7
31 3
32 82
32 44
32 102
32 21
32 17
32 10
32 30
32 2
32 121
32 91
32 26
32 5
32 84
32 56
32 115
32 40
32 38
32 90
32 30
32 53
32 6
32 118
32 94
32 33
32 58
32 99
32 84
32 111
32 102
32 111
32 7
32 4
32 70
32 58
32 47
32 120
32 18
32 20
32 16
32 25
32 63
32 57
32 95
32 48
32 83
32 126
32 53
32 32
32 114
32 77
32 38
32 9
32 72
32 118
32 73
32 103
32 10
32 47
32 83
32 49
32 45
32 83
32 85
32 95
32 33
32 94
33 35
33 83
33 68
33 45
33 41
33 102
33 35
33 66
33 119
33 63
33 8
33 102
33 124
33 25
33 124
33 125
33 88
33 53
33 16
33 127
33 7
33 21
33 87
33 18
33 107
33 93
33 112
33 86
33 26
33 17
33 94
33 89
33 5
33 64
33 12
33 39
33 71
33 91
33 112
33 101
33 123
33 107
33 109
33 55
33 70
33 74
33 25
33 89
33 88
33 50
33 103
33 31
33 120
33 70
33 70
33 24
33 51
34 53
34 100
34 36
34 103
34 58
34 33
34 45
34 21
34 10
34 60
34 65
34 43
34 123
34 1
34 65
34 77
34 17
34 52
34 105
34 93
34 39
34 90
34 110
34 58
34 77
34 63
34 76
34 26
34 39
34 40
34 115
34 69
34 36
34 75
34 104
34 113
34 16
34 49
34 40
34 8
34 31
34 67
34 48
34 90
34 76
34 38
34 107
34 34
34 68
34 50
34 105
34 76
34 30
34 118
34 88
34 86
34 80
34 95
35 97
35 26
35 60
35 5
35 53
35 46
35 84
35 102
35 55
35 123
35 83
35 72
35 87
35 92
35 36
35 82
35 122
35 105
35 77
35 22
35 117
35 82
35 78
35 38
35 105
35 81
35 79
35 93
35 58
35 77
35 19
35 22
35 76
35 96
35 85
35 32
35 120
35 68
35 109
35 63
35 47
35 56
35 42
35 71
35 13
35 84
35 2
35 69
35 43
35 95
35 63
35 20
35 94
35 61
35 7
35 64
35 16
35 9
35 28
35 22
35 82
36 86
36 12
36 9
36 55
36 22
36 22
36 78
36 61
36 117
36 1
36 87
36 70
36 67
36 22
36 43
36 39
36 118
36 52
36 109
36 18
36 74
36 106
36 99
36 64
36 57
36 47
36 86
36 58
36 109
36 80
36 22
36 31
36 43
36 107
36 77
36 84
36 42
36 29
36 121
36 65
36 22
36 5
36 34
36 113
36 115
36 96
36 59
36 12
36 5
36 44
36 115
36 108
36 40
36 30
36 58
36 33
36 81
36 123
36 116
36 39
36 55
37 51
37 79
37 57
37 97
37 9
37 69
37 98
37 98
37 8
37 105
37 103
37 116
37 47
37 69
37 96
37 116
37 29
37 20
37 41
37 10
37 41
37 85
37 102
37 82
37 12
37 60
37 105
37 7
37 27
37 114
37 23
37 48
37 109
37 111
37 19
37 93
37 85
37 5
37 95
37 115
37 86
37 40
37 69
37 97
37 83
37 108
37 56
37 45
37 61
37 97
37 66
37 92
37 91
37 107
37 72
37 16
37 100
37 42
38 88
38 123
38 52
38 4
38 37
38 26
38 78
38 2
38 28
38 114
38 89
38 89
38 38
38 45
38 108
38 90
38 28
38 56
38 110
38 15
38 104
38 76
38 88
38 81
38 80
38 93
38 72
38 33
38 43
38 63
38 37
38 37
38 27
38 50
38 107
38 98
38 52
38 73
38 10
38 21
38 21
38 36
38 87
38 111
38 121
38 42
38 14
38 14
38 77
38 123
38 69
38 45
38 119
38 52
38 76
38 126
38 88
38 21
38 122
38 1
38 34
39 30
39 23
39 96
39 38
39 47
39 52
39 25
39 2
39 11
39 110
39 117
39 96
39 56
39 82
39 18
39 99
39 88
39 119
39 81
39 82
39 40
39 116
39 73
39 13
39 7
39 71
39 54
39 66
39 28
39 34
39 93
39 112
39 9
39 76
39 3
39 107
39 79
39 98
39 77
39 84
39 124
39 46
39 80
39 22
39 45
39 118
39 67
39 46
39 12
39 49
39 49
39 31
39 2
39 116
39 41
39 52
39 112
39 73
39 95
39 93
40 30
40 55
40 59
40 106
40 17
40 107
40 71
40 123
40 62
40 50
40 1
40 7
40 113
40 79
40 74
40 106
40 96
40 43
40 62
40 29
40 87
40 82
40 97
40 36
40 71
40 31
40 124
40 72
40 34
40 49
40 124
40 71
40 107
40 121
40 28
40 50
40 43
40 60
40 54
40 13
40 76
40 44
40 100
40 50
40 84
40 91
40 28
40 41
40 84
40 43
40 4
40 60
40 102
40 33
40 7
40 11
40 46
40 67
40 23
41 20
41 22
41 33
41 36
41 47
41 99
41 96
41 26
41 67
41 87
41 50
41 25
41 10
41 18
41 121
41 39
41 109
41 65
41 17
41 37
41 34
41 40
41 118
41 8
41 92
41 18
41 31
41 83
41 106
41 52
41 58
41 13
41 9
41 100
41 106
41 109
41 71
41 69
41 79
41 120
41 42
41 13
41 64
41 35
41 4
41 96
41 80
41 91
41 11
41 22
41 69
41 43
41 84
41 13
41 86
41 112
41 116
41 7
41 119
41 92
41 83
42 16
42 10
42 66
42 122
42 38
42 14
42 76
42 98
42 26
42 44
42 97
42 35
42 85
42 28
42 117
42 108
42 87
42 32
42 94
42 72
42 6
42 121
42 57
42 75
42 53
42 73
42 28
42 4
42 109
42 37
42 102
42 22
42 84
42 28
42 106
42 16
42 63
42 101
42 41
42 47
42 59
42 68
42 12
42 51
42 27
42 52
42 123
42 76
42 117
42 39
42 23
42 100
42 94
42 38
42 94
42 79
42 50
42 73
42 101
42 78
42 92
42 109
42 72
43 45
43 78
43 12
43 48
43 85
43 71
43 10
43 20
43 107
43 1
43 61
43 8
43 55
43 4
43 2
43 55
43 87
43 120
43 110
43 11
43 107
43 73
43 79
43 33
43 21
43 95
43 12
43 31
43 121
43 71
43 13
43 121
43 12
43 42
43 92
43 95
43 89
43 95
43 117
43 124
43 60
43 116
43 63
43 48
43 37
43 93
43 53
43 98
43 7
43 123
43 81
43 73
43 108
43 28
43 120
44 118
44 30
44 47
44 102
44 112
44 113
44 115
44 74
44 57
44 120
44 39
44 99
44 22
44 73
44 119
44 12
44 61
44 4
44 123
44 83
44 56
44 82
44 108
44 51
44 94
44 71
44 28
44 56
44 87
44 35
44 65
44 114
44 103
44 127
44 42
44 21
44 98
44 93
44 105
44 50
44 112
44 123
44 73
44 39
44 61
44 127
44 80
44 43
44 82
44 83
44 85
44 57
44 5
44 68
44 38
44 115
44 91
44 13
44 2
44 63
44 56
45 21
45 33
45 76
45 78
45 111
45 28
45 113
45 74
45 123
45 63
45 75
45 12
45 99
45 48
45 73
45 122
45 79
45 116
45 99
45 62
45 114
45 110
45 120
45 92
45 70
45 2
45 80
45 32
45 45
45 93
45 105
45 88
45 11
45 88
45 45
45 112
45 20
45 86
45 45
45 87
45 101
45 47
45 38
45 88
45 64
45 31
45 72
45 121
45 61
45 56
45 10
45 23
45 108
45 127
45 50
45 94
45 121
45 46
45 93
45 52
45 81
45 118
45 40
45 93
46 8
46 61
46 76
46 33
46 110
46 6
46 115
46 88
46 32
46 103
46 23
46 60
46 21
46 89
46 62
46 54
46 3
46 67
46 71
46 28
46 105
46 19
46 96
46 50
46 46
46 87
46 81
46 39
46 116
46 57
46 24
46 96
46 99
46 43
46 51
46 95
46 2
46 20
46 82
46 77
46 50
46 54
46 113
46 82
46 51
46 112
46 122
46 73
46 113
46 34
46 97
46 24
46 58
46 100
46 100
47 89
47 23
47 110
47 117
47 111
47 14
47 115
47 50
47 119
47 23
47 109
47 83
47 120
47 70
47 84
47 49
47 116
47 98
47 98
47 12
47 36
47 31
47 57
47 23
47 20
47 9
47 34
47 81
47 63
47 91
47 87
47 109
47 55
47 3
47 21
47 15
47 123
47 10
47 24
47 102
47 97
47 25
47 30
47 9
47 104
47 62
47 50
47 65
47 121
47 23
47 124
47 53
47 102
47 125
47 113
47 106
47 17
47 126
47 94
47 77
47 98
48 93
48 123
48 8
48 23
48 89
48 15
48 39
48 114
48 89
48 94
48 71
48 8
48 81
48 29
48 4
48 107
48 116
48 12
48 39
48 12
48 40
48 98
48 97
48 102
48 119
48 91
48 88
48 92
48 105
48 15
48 109
48 110
48 61
48 12
48 116
48 20
48 66
48 23
48 105
48 116
48 119
48 45
48 126
48 32
48 36
48 32
48 72
48 23
48 65
48 4
48 13
48 73
48 101
48 107
48 120
48 30
48 63
48 123
48 112
49 55
49 52
49 91
49 27
49 49
49 118
49 116
49 92
49 105
49 81
49 48
49 22
49 30
49 86
49 9
49 61
49 112
49 46
49 21
49 36
49 32
49 46
49 53
49 118
49 113
49 5
49 58
49 36
49 13
49 60
49 110
49 84
49 4
49 108
49 20
49 111
49 109
49 78
49 101
49 79
49 85
49 114
49 119
49 1
49 23
49 73
49 2
49 46
49 10
49 117
49 82
49 23
49 41
49 96
49 38
49 95
49 28
49 51
49 59
49 113
49 20
50 122
50 120
50 115
50 121
50 33
50 108
50 85
50 5
50 81
50 125
50 16
50 17
50 34
50 94
50 51
50 96
50 115
50 63
50 94
50 76
50 31
50 9
50 52
50 78
50 117
50 32
50 18
50 16
50 102
50 101
50 26
50 95
50 49
50 53
50 14
50 30
50 26
50 62
50 93
50 119
50 63
50 125
50 13
50 57
50 2
50 12
50 76
50 38
50 34
50 52
50 120
50 40
50 35
50 116
50 38
50 19
50 20
50 97
50 15
51 99
51 94
51 115
51 43
51 73
51 73
51 106
51 60
51 77
51 63
51 20
51 82
51 107
51 59
51 87
51 58
51 116
51 59
51 65
51 24
51 77
51 87
51 12
51 97
51 104
51 62
51 49
51 10
51 118
51 4
51 101
51 102
51 60
51 35
51 81
51 119
51 9
51 80
51 122
51 109
51 10
51 26
51 92
51 95
51 76
51 69
51 120
51 1
51 108
51 64
51 5
51 37
51 93
51 109
51 38
51 31
51 40
51 44
51 11
51 15
51 89
52 53
52 50
52 71
52 99
52 26
52 75
52 53
52 15
52 55
52 97
52 119
52 44
52 8
52 48
52 90
52 88
52 114
52 72
52 46
52 118
52 107
52 28
52 82
52 14
52 5
52 95
52 89
52 75
52 72
52 122
52 122
52 51
52 26
52 23
52 72
52 48
52 122
52 96
52 45
52 93
52 80
52 96
52 84
52 86
52 108
52 124
52 4
52 30
52 57
52 11
52 17
52 32
52 53
52 26
52 4
52 121
52 88
52 15
52 79
52 75
53 66
53 64
53 48
53 88
53 83
53 10
53 117
53 60
53 118
53 19
53 63
53 31
53 46
53 72
53 31
53 121
53 106
53 89
53 109
53 21
53 45
53 83
53 58
53 28
53 35
53 83
53 98
53 44
53 97
53 115
53 98
53 62
53 125
53 86
53 46
53 109
53 71
53 55
53 110
53 78
53 87
53 86
53 83
53 21
53 9
53 70
53 89
53 120
53 105
53 35
53 15
53 41
53 97
53 126
53 13
53 64
53 103
53 32
53 55
54 93
54 66
54 47
54 96
54 71
54 90
54 22
54 6
54 94
54 94
54 61
54 12
54 126
54 84
54 104
54 125
54 78
54 48
54 20
54 40
54 31
54 115
54 69
54 96
54 118
54 72
54 90
54 9
54 100
54 74
54 42
54 49
54 13
54 121
54 37
54 120
54 38
54 49
54 61
54 103
54 126
54 18
54 76
54 106
54 93
54 35
54 23
54 109
54 85
54 58
54 125
54 66
54 46
54 63
54 111
54 33
54 46
54 57
54 82
54 123
54 108
55 107
55 66
55 56
55 110
55 46
55 26
55 60
55 18
55 37
55 23
55 78
55 18
55 106
55 114
55 31
55 82
55 51
55 105
55 55
55 15
55 126
55 43
55 68
55 119
55 53
55 116
55 124
55 48
55 26
55 60
55 83
55 123
55 125
55 13
55 58
55 62
55 85
55 92
55 80
55 62
55 59
55 77
55 9
55 48
55 99
55 56
55 3
55 119
55 125
55 34
55 84
55 117
55 28
55 35
55 89
55 108
55 79
55 98
55 92
56 20
56 42
56 29
56 92
56 96
56 6
56 70
56 102
56 4
56 47
56 122
56 11
56 127
56 48
56 5
56 110
56 41
56 78
56 102
56 123
56 104
56 52
56 4
56 70
56 101
56 101
56 33
56 79
56 68
56 83
56 100
56 88
56 42
56 69
56 64
56 44
56 57
56 40
56 109
56 83
56 5
56 119
56 29
56 78
56 60
56 81
56 28
56 31
56 16
56 52
56 70
56 61
56 50
56 70
56 21
56 2
56 12
56 30
56 84
56 90
56 35
56 127
56 35
56 23
56 91
56 60
56 76
57 123
57 88
57 106
57 6
57 55
57 57
57 87
57 121
57 71
57 57
57 118
57 106
57 22
57 7
57 43
57 124
57 125
57 115
57 53
57 36
57 35
57 92
57 90
57 39
57 66
57 15
57 75
57 121
57 5
57 84
57 102
57 98
57 15
57 81
57 120
57 43
57 125
57 95
57 52
57 53
57 10
57 86
57 91
57 17
57 15
57 90
57 97
57 92
57 22
57 46
57 16
57 32
57 63
58 73
58 66
58 47
58 32
58 74
58 93
58 40
58 7
58 66
58 95
58 78
58 61
58 6
58 105
58 8
58 31
58 87
58 98
58 47
58 37
58 111
58 49
58 47
58 58
58 113
58 48
58 111
58 116
58 90
58 23
58 56
58 86
58 47
58 48
58 15
58 27
58 23
58 7
58 120
58 53
58 79
58 16
58 50
58 126
58 28
58 63
58 44
58 48
58 114
58 63
58 120
58 84
58 115
58 86
58 53
58 84
58 71
58 53
58 8
58 40
58 45
59 6
59 7
59 42
59 109
59 23
59 3
59 16
59 39
59 117
59 78
59 8
59 48
59 54
59 72
59 25
59 48
59 48
59 51
59 46
59 80
59 6
59 95
59 32
59 57
59 49
59 28
59 118
59 11
59 10
59 114
59 117
59 43
59 100
59 82
59 22
59 67
59 78
59 114
59 51
59 55
59 124
59 49
59 44
59 39
59 74
59 66
59 13
59 15
59 3
59 86
59 91
59 116
59 93
59 97
59 52
59 115
59 53
59 10
59 123
60 73
60 42
60 48
60 127
60 75
60 87
60 48
60 83
60 69
60 119
60 60
60 32
60 111
60 61
60 19
60 59
60 56
60 66
60 71
60 96
60 80
60 101
60 5
60 51
60 74
60 121
60 97
60 49
60 17
60 45
60 92
60 44
60 115
60 47
60 103
60 32
60 57
60 85
60 120
60 125
60 92
60 106
60 3
60 13
60 55
60 120
60 83
60 103
60 86
60 124
60 50
60 43
60 32
60 64
60 100
60 63
60 38
60 5
60 18
60 46
61 113
61 112
61 66
61 5
61 117
61 46
61 81
61 71
61 25
61 8
61 31
61 102
61 69
61 101
61 33
61 50
61 92
61 48
61 35
61 24
61 42
61 104
61 61
61 81
61 64
61 127
61 89
61 75
61 54
61 122
61 40
61 78
61 70
61 65
61 106
61 1
61 29
61 16
61 16
61 51
61 58
61 102
61 115
61 31
61 87
61 69
61 70
61 112
61 114
61 34
61 17
61 119
61 48
61 121
61 52
61 111
61 105
61 28
61 116
61 64
62 102
62 73
62 102
62 30
62 65
62 77
62 46
62 77
62 100
62 29
62 44
62 35
62 44
62 127
62 91
62 35
62 19
62 45
62 26
62 75
62 96
62 90
62 57
62 8
62 62
62 2
62 96
62 55
62 38
62 49
62 1
62 46
62 80
62 85
62 96
62 16
62 101
62 43
62 15
62 92
62 4
62 114
62 98
62 42
62 69
62 45
62 79
62 119
62 27
62 120
62 35
62 79
62 87
62 59
62 100
62 85
62 22
62 32
62 14
62 20
63 17
63 75
63 7
63 47
63 5
63 71
63 39
63 23
63 113
63 85
63 63
63 79
63 36
63 3
63 48
63 45
63 121
63 102
63 48
63 94
63 116
63 113
63 102
63 83
63 84
63 94
63 71
63 126
63 97
63 99
63 2
63 117
63 59
63 42
63 86
63 110
63 58
63 96
63 92
63 60
63 104
63 47
63 106
63 113
63 91
63 109
63 109
63 41
63 74
63 1
63 127
63 16
63 57
63 34
63 101
63 20
63 98
63 73
63 123
63 61
63 74
63 66
64 98
64 91
64 16
64 126
64 116
64 120
64 114
64 112
64 7
64 61
64 86
64 105
64 22
64 73
64 32
64 31
64 59
64 103
64 102
64 19
64 111
64 79
64 83
64 59
64 65
64 94
64 58
64 57
64 73
64 76
64 29
64 4
64 48
64 1
64 67
64 6
64 101
64 100
64 113
64 121
64 42
64 126
64 117
64 91
64 111
64 13
64 15
64 20
64 18
64 71
64 4
64 92
64 114
64 116
64 56
64 79
64 126
64 98
64 93
65 21
65 50
65 64
65 21
65 68
65 65
65 18
65 92
65 105
65 86
65 30
65 6
65 77
65 88
65 127
65 98
65 61
65 17
65 113
65 80
65 119
65 53
65 96
65 20
65 10
65 33
65 110
65 8
65 78
65 65
65 126
65 61
65 17
65 68
65 49
65 38
65 1
65 35
65 84
65 76
65 95
65 37
65 106
65 115
65 34
65 49
65 28
65 79
65 81
65 46
65 119
65 48
65 124
65 20
65 124
65 21
65 103
65 38
65 82
66 92
66 54
66 109
66 105
66 31
66 48
66 21
66 58
66 83
66 69
66 99
66 1
66 64
66 75
66 80
66 123
66 37
66 14
66 12
66 44
66 29
66 50
66 19
66 35
66 2
66 18
66 93
66 26
66 62
66 5
66 13
66 50
66 53
66 110
66 22
66 11
66 110
66 76
66 53
66 76
66 38
66 16
66 7
66 88
66 56
66 7
66 122
66 78
66 96
66 120
66 42
66 38
66 17
66 125
66 101
66 97
66 94
66 14
66 72
66 75
67 16
67 95
67 27
67 86
67 22
67 15
67 39
67 28
67 121
67 21
67 76
67 94
67 107
67 114
67 122
67 12
67 90
67 56
67 49
67 118
67 122
67 73
67 123
67 121
67 126
67 80
67 36
67 30
67 87
67 73
67 108
67 125
67 125
67 21
67 63
67 98
67 72
67 105
67 36
67 116
67 78
67 63
67 19
67 3
67 97
67 76
67 80
67 119
67 75
67 125
67 105
67 5
67 116
67 27
67 2
67 20
67 89
67 28
67 34
67 1
67 69
68 40
68 76
68 6
68 34
68 39
68 112
68 112
68 100
68 40
68 33
68 101
68 54
68 84
68 49
68 95
68 47
68 23
68 93
68 93
68 76
68 58
68 25
68 8
68 67
68 79
68 122
68 102
68 72
68 50
68 103
68 11
68 43
68 14
68 125
68 9
68 83
68 37
68 2
68 107
68 36
68 52
68 113
68 104
68 68
68 61
68 4
68 26
68 33
68 75
68 3
68 77
68 65
68 41
68 113
68 9
68 1
68 92
68 57
68 21
69 65
69 6
69 2
69 81
69 90
69 32
69 85
69 77
69 19
69 93
69 69
69 112
69 71
69 39
69 115
69 39
69 40
69 26
69 7
69 103
69 99
69 74
69 100
69 108
69 62
69 37
69 33
69 46
69 105
69 32
69 106
69 59
69 125
69 89
69 74
69 38
69 62
69 70
69 54
69 45
69 76
69 43
69 22
69 113
69 45
69 4
69 38
69 78
69 106
69 31
69 80
69 62
69 44
69 95
69 72
69 27
69 59
69 13
69 96
69 105
70 41
70 111
70 24
70 24
70 50
70 102
70 72
70 113
70 25
70 52
70 43
70 38
70 83
70 56
70 98
70 44
70 37
70 111
70 24
70 17
70 52
70 111
70 19
70 42
70 21
70 74
70 10
70 78
70 94
70 69
70 12
70 126
70 64
70 16
70 3
70 24
70 82
70 75
70 7
70 2
70 21
70 87
70 60
70 9
70 18
70 77
70 11
70 82
70 110
70 37
70 38
70 91
70 42
70 92
70 37
70 33
70 22
70 90
70 1
70 24
70 73
70 85
70 4
71 81
71 102
71 56
71 54
71 45
71 70
71 72
71 80
71 118
71 8
71 36
71 25
71 34
71 117
71 10
71 63
71 101
71 73
71 108
71 88
71 53
71 22
71 25
71 92
71 15
71 86
71 125
71 63
71 53
71 13
71 89
71 39
71 22
71 75
71 70
71 2
71 87
71 57
71 87
71 108
71 12
71 43
71 40
71 42
71 65
71 88
71 36
71 27
71 97
71 124
71 99
71 91
71 106
71 4
71 70
71 12
71 77
72 81
72 76
72 21
72 92
72 59
72 76
72 104
72 86
72 113
72 41
72 52
72 49
72 94
72 13
72 45
72 73
72 49
72 126
72 66
72 78
72 18
72 70
72 9
72 104
72 125
72 33
72 105
72 67
72 76
72 48
72 41
72 70
72 53
72 63
72 78
72 14
72 38
72 91
72 118
72 28
72 106
72 44
72 27
72 126
72 93
72 55
72 55
72 23
72 122
72 94
72 58
72 108
72 85
72 112
72 57
72 12
72 48
72 3
72 90
72 31
72 48
72 117
72 26
73 107
73 44
73 60
73 15
73 72
73 121
73 45
73 77
73 18
73 36
73 83
73 98
73 123
73 46
73 24
73 100
73 46
73 73
73 36
73 73
73 8
73 119
73 76
73 32
73 7
73 8
73 23
73 112
73 87
73 124
73 56
73 60
73 42
73 88
73 1
73 33
73 110
73 13
73 40
73 106
73 107
73 18
73 2
73 56
73 9
73 56
73 76
73 73
73 68
73 111
73 20
73 18
73 93
73 45
73 55
73 7
73 8
74 97
74 109
74 122
74 90
74 95
74 83
74 70
74 98
74 65
74 117
74 88
74 120
74 121
74 40
74 43
74 94
74 50
74 51
74 122
74 62
74 104
74 78
74 116
74 64
74 126
74 89
74 16
74 19
74 20
74 87
74 1
74 95
74 27
74 78
74 44
74 49
74 1
74 89
74 48
74 45
74 22
74 36
74 56
74 113
74 117
74 111
74 91
74 81
74 14
74 15
74 96
74 58
74 27
74 84
74 52
74 70
74 85
74 42
74 42
74 11
74 18
74 120
75 36
75 88
75 77
75 113
75 24
75 114
75 122
75 6
75 42
75 3
75 122
75 66
75 51
75 21
75 96
75 89
75 86
75 110
75 56
75 126
75 60
75 49
75 75
75 54
75 85
75 125
75 54
75 37
75 70
75 53
75 17
75 124
75 43
75 103
75 8
75 73
75 43
75 60
75 62
75 105
75 68
75 27
75 89
75 6
75 35
75 54
75 67
75 91
75 70
75 127
75 118
75 16
75 28
75 116
75 79
75 27
75 95
75 10
75 107
76 71
76 91
76 106
76 82
76 101
76 120
76 117
76 69
76 48
76 117
76 74
76 89
76 13
76 126
76 16
76 94
76 127
76 77
76 22
76 110
76 107
76 51
76 71
76 56
76 91
76 26
76 46
76 28
76 83
76 29
76 27
76 120
76 87
76 111
76 75
76 4
76 75
76 60
76 4
76 114
76 70
76 54
76 113
76 51
76 24
76 110
76 50
76 111
76 86
76 119
76 4
76 33
76 45
76 94
76 90
76 90
76 114
76 71
76 116
77 41
77 113
77 39
77 87
77 15
77 93
77 125
77 88
77 96
77 124
77 71
77 56
77 116
77 79
77 35
77 84
77 47
77 24
77 1
77 52
77 62
77 42
77 3
77 27
77 38
77 60
77 3
77 68
77 28
77 15
77 32
77 103
77 14
77 21
77 72
77 58
77 68
77 118
77 26
77 86
77 41
77 40
77 60
77 88
77 110
77 113
77 74
77 32
77 113
77 7
77 66
77 56
77 110
77 57
77 45
77 123
77 87
77 85
77 47
77 68
77 88
77 86
77 120
78 32
78 22
78 114
78 25
78 50
78 127
78 37
78 123
78 89
78 7
78 105
78 21
78 111
78 68
78 35
78 79
78 69
78 79
78 28
78 89
78 91
78 80
78 14
78 85
78 59
78 21
78 88
78 5
78 84
78 4
78 109
78 47
78 94
78 110
78 17
78 65
78 109
78 77
78 116
78 77
78 124
78 85
78 66
78 115
78 119
78 81
78 25
78 99
78 65
78 103
78 44
78 31
78 54
78 65
78 99
78 4
78 11
79 78
79 53
79 28
79 71
79 12
79 78
79 20
79 23
79 36
79 37
79 46
79 70
79 54
79 46
79 63
79 49
79 5
79 56
79 14
79 106
79 101
79 74
79 57
79 40
79 41
79 108
79 49
79 25
79 78
79 111
79 73
79 94
79 12
79 29
79 80
79 108
79 26
79 43
79 35
79 97
79 22
79 19
79 36
79 41
79 54
79 84
79 22
79 105
79 8
79 99
79 47
79 127
79 68
79 92
79 43
79 10
79 122
79 125
79 43
79 71
80 69
80 109
80 8
80 80
80 115
80 59
80 14
80 29
80 106
80 102
80 95
80 15
80 74
80 112
80 117
80 96
80 70
80 41
80 75
80 109
80 120
80 83
80 27
80 22
80 3
80 81
80 29
80 10
80 54
80 27
80 106
80 45
80 42
80 74
80 81
80 12
80 122
80 59
80 124
80 100
80 89
80 68
80 15
80 39
80 56
80 58
80 57
80 2
80 4
80 124
80 85
80 66
80 35
80 79
80 8
80 79
80 99
80 100
80 80
80 36
81 118
81 120
81 41
81 37
81 96
81 37
81 95
81 56
81 58
81 105
81 71
81 118
81 87
81 114
81 27
81 98
81 56
81 90
81 33
81 64
81 56
81 34
81 97
81 35
81 77
81 57
81 57
81 8
81 26
81 66
81 1
81 68
81 26
81 57
81 111
81 106
81 123
81 18
81 111
81 14
81 115
81 80
81 22
81 81
81 21
81 44
81 46
81 76
81 72
81 123
81 9
81 16
81 116
81 121
81 16
81 121
81 121
81 56
81 44
81 44
82 49
82 45
82 124
82 69
82 127
82 86
82 22
82 107
82 83
82 36
82 15
82 85
82 45
82 115
82 78
82 7
82 83
82 1
82 66
82 108
82 55
82 63
82 76
82 79
82 39
82 109
82 83
82 97
82 15
82 21
82 75
82 108
82 54
82 102
82 12
82 33
82 98
82 24
82 10
82 115
82 5
82 3
82 85
82 82
82 71
82 94
82 103
82 8
82 37
82 59
82 55
82 113
82 48
82 49
82 21
82 10
82 106
82 85
82 1
82 21
83 56
83 35
83 92
83 64
83 60
83 52
83 92
83 105
83 38
83 86
83 80
83 116
83 53
83 19
83 80
83 101
83 36
83 11
83 41
83 17
83 49
83 3
83 39
83 58
83 42
83 95
83 117
83 66
83 100
83 103
83 125
83 99
83 11
83 35
83 4
83 12
83 79
83 63
83 7
83 19
83 100
83 55
83 43
83 26
83 70
83 75
83 85
83 126
83 62
83 65
83 123
83 56
83 29
83 49
83 2
83 53
83 84
83 17
83 67
83 30
83 92
83 94
83 112
84 91
84 102
84 103
84 52
84 98
84 3
84 56
84 99
84 38
84 90
84 79
84 49
84 122
84 26
84 52
84 52
84 93
84 90
84 3
84 92
84 11
84 42
84 92
84 62
84 117
84 99
84 40
84 17
84 27
84 100
84 124
84 21
84 33
84 101
84 107
84 17
84 90
84 94
84 91
84 114
84 12
84 10
84 74
84 74
84 111
84 100
84 74
84 97
84 88
84 9
84 53
84 113
84 84
84 122
84 13
84 116
84 78
85 30
85 96
85 114
85 107
85 73
85 32
85 48
85 50
85 20
85 80
85 27
85 13
85 76
85 83
85 122
85 98
85 115
85 127
85 103
85 63
85 9
85 17
85 120
85 103
85 66
85 55
85 90
85 89
85 93
85 121
85 99
85 77
85 100
85 93
85 5
85 46
85 13
85 25
85 100
85 34
85 40
85 99
85 87
85 43
85 115
85 25
85 94
85 126
85 95
85 55
85 29
85 88
85 68
85 66
85 53
85 119
85 116
85 73
85 107
85 86
85 116
85 28
85 118
85 124
85 43
86 114
86 123
86 7
86 7
86 84
86 123
86 7
86 27
86 116
86 75
86 118
86 80
86 94
86 52
86 41
86 43
86 34
86 91
86 14
86 118
86 9
86 88
86 8
86 16
86 52
86 46
86 2
86 94
86 121
86 10
86 82
86 2
86 66
86 20
86 98
86 109
86 67
86 78
86 125
86 29
86 104
86 40
86 58
86 43
86 34
86 38
86 84
86 52
86 49
86 93
86 6
86 104
86 11
86 34
86 101
86 26
87 42
87 2
87 83
87 105
87 5
87 41
87 49
87 21
87 109
87 103
87 125
87 61
87 43
87 11
87 95
87 22
87 61
87 34
87 93
87 103
87 40
87 112
87 60
87 70
87 93
87 24
87 20
87 14
87 37
87 29
87 88
87 65
87 29
87 52
87 88
87 24
87 68
87 86
87 13
87 13
87 10
87 60
87 119
87 46
87 19
87 4
87 15
87 32
87 16
87 3
87 40
87 73
87 105
87 88
87 66
87 101
87 116
87 125
87 21
87 90
88 66
88 34
88 85
88 53
88 31
88 66
88 68
88 1
88 126
88 116
88 109
88 64
88 85
88 24
88 24
88 35
88 65
88 68
88 43
88 82
88 15
88 41
88 97
88 114
88 71
88 4
88 44
88 43
88 93
88 119
88 51
88 59
88 121
88 107
88 98
88 109
88 24
88 25
88 96
88 25
88 70
88 117
88 2
88 85
88 60
88 114
88 46
88 28
88 127
88 101
88 73
88 45
88 50
88 5
88 21
88 83
88 38
88 102
88 3
89 24
89 65
89 80
89 121
89 61
89 59
89 110
89 120
89 8
89 119
89 73
89 26
89 58
89 40
89 47
89 121
89 65
89 55
89 53
89 67
89 124
89 77
89 20
89 23
89 15
89 84
89 70
89 117
89 35
89 37
89 120
89 8
89 72
89 57
89 51
89 113
89 7
89 98
89 79
89 44
89 120
89 3
89 45
89 19
89 10
89 31
89 47
89 95
89 83
89 19
89 9
89 60
89 98
89 20
89 82
89 23
89 122
89 48
89 18
89 42
90 50
90 69
90 72
90 102
90 99
90 82
90 67
90 40
90 9
90 127
90 8
90 20
90 22
90 68
90 12
90 100
90 28
90 49
90 122
90 32
90 13
90 123
90 13
90 121
90 40
90 78
90 90
90 5
90 15
90 98
90 94
90 94
90 86
90 68
90 29
90 53
90 99
90 77
90 1
90 80
90 85
90 112
90 9
90 46
90 68
90 108
90 40
90 45
90 91
90 96
90 103
90 109
90 108
90 44
90 93
90 104
90 86
90 105
90 107
90 16
90 58
91 17
91 45
91 115
91 47
91 50
91 58
91 34
91 6
91 34
91 79
91 18
91 88
91 70
91 123
91 114
91 10
91 32
91 127
91 102
91 119
91 125
91 39
91 90
91 103
91 57
91 105
91 64
91 62
91 108
91 117
91 36
91 125
91 65
91 105
91 24
91 55
91 85
91 48
91 22
91 107
91 87
91 79
91 90
91 4
91 35
91 50
91 7
91 100
91 103
91 6
91 64
91 5
91 43
91 30
91 109
91 12
91 105
91 57
91 29
91 127
92 19
92 106
92 46
92 95
92 79
92 52
92 54
92 75
92 20
92 120
92 31
92 62
92 22
92 24
92 47
92 87
92 4
92 11
92 101
92 9
92 101
92 61
92 104
92 108
92 112
92 86
92 41
92 108
92 98
92 72
92 11
92 7
92 14
92 56
92 64
92 117
92 113
92 35
92 90
92 62
92 54
92 107
92 88
92 67
92 69
92 46
92 16
92 32
92 76
92 109
92 23
92 53
92 70
92 124
92 5
92 12
92 93
92 113
92 43
92 99
93 50
93 30
93 65
93 78
93 23
93 106
93 97
93 40
93 122
93 8
93 91
93 66
93 28
93 105
93 72
93 75
93 108
93 19
93 115
93 82
93 23
93 27
93 100
93 19
93 47
93 93
93 98
93 67
93 44
93 101
93 20
93 69
93 88
93 41
93 61
93 116
93 24
93 85
93 25
93 61
93 85
93 102
93 64
93 16
93 80
93 60
93 124
93 3
93 94
93 25
93 13
93 111
93 91
93 51
93 72
93 36
93 85
93 30
93 3
93 86
94 86
94 102
94 98
94 71
94 66
94 6
94 4
94 127
94 25
94 64
94 47
94 60
94 114
94 76
94 27
94 120
94 99
94 7
94 43
94 17
94 55
94 26
94 22
94 48
94 71
94 120
94 79
94 119
94 44
94 85
94 63
94 106
94 56
94 96
94 105
94 9
94 13
94 119
94 52
94 86
94 67
94 68
94 99
94 1
94 14
94 127
94 114
94 9
94 65
94 81
94 55
94 3
94 78
94 104
94 101
94 53
94 83
94 14
94 88
94 117
95 59
95 69
95 79
95 116
95 105
95 87
95 71
95 102
95 124
95 86
95 100
95 98
95 62
95 43
95 89
95 94
95 85
95 30
95 101
95 53
95 116
95 39
95 29
95 28
95 3
95 88
95 85
95 71
95 27
95 118
95 9
95 56
95 124
95 85
95 40
95 55
95 70
95 20
95 99
95 103
95 8
95 74
95 17
95 19
95 6
95 26
95 49
95 7
95 127
95 42
95 110
95 83
95 4
95 98
95 64
95 8
95 79
95 13
95 12
96 27
96 32
96 110
96 106
96 127
96 88
96 68
96 80
96 43
96 106
96 112
96 33
96 22
96 93
96 118
96 92
96 52
96 67
96 54
96 16
96 14
96 33
96 21
96 10
96 34
96 16
96 23
96 99
96 6
96 28
96 1
96 111
96 87
96 31
96 111
96 7
96 85
96 17
96 90
96 112
96 10
96 120
96 119
96 19
96 73
96 122
96 105
96 83
96 64
96 12
96 40
96 91
96 85
96 106
96 63
96 98
96 70
96 36
96 109
96 52
97 57
97 111
97 61
97 43
97 120
97 50
97 85
97 43
97 8
97 81
97 111
97 81
97 18
97 124
97 105
97 50
97 97
97 76
97 116
97 14
97 87
97 65
97 46
97 10
97 109
97 24
97 72
97 3
97 118
97 25
97 119
97 28
97 69
97 87
97 114
97 7
97 126
97 25
97 82
97 19
97 5
97 31
97 73
97 63
97 36
97 122
97 2
97 120
97 45
97 45
97 69
97 63
97 80
97 60
97 121
97 61
97 14
97 28
97 86
97 17
97 16
98 76
98 100
98 65
98 59
98 95
98 69
98 52
98 120
98 8
98 102
98 20
98 126
98 2
98 17
98 11
98 110
98 56
98 118
98 69
98 41
98 33
98 43
98 6
98 35
98 3
98 94
98 39
98 106
98 126
98 22
98 63
98 31
98 70
98 93
98 12
98 119
98 21
98 25
98 69
98 10
98 25
98 73
98 39
98 88
98 23
98 57
98 102
98 65
98 25
98 94
98 75
98 82
98 5
98 125
98 92
98 123
98 122
98 95
98 124
98 95
99 122
99 1
99 111
99 75
99 102
99 89
99 5
99 87
99 1
99 38
99 8
99 31
99 52
99 108
99 82
99 72
99 54
99 84
99 2
99 103
99 109
99 83
99 59
99 103
99 104
99 69
99 19
99 120
99 44
99 24
99 61
99 104
99 20
99 109
99 85
99 82
99 12
99 15
99 51
99 27
99 123
99 68
99 67
99 38
99 64
99 5
99 83
99 33
99 45
99 1
99 11
99 68
99 121
99 44
99 27
99 68
99 96
99 124
99 26
99 45
100 108
100 47
100 41
100 115
100 30
100 19
100 58
100 73
100 88
100 59
100 4
100 96
100 54
100 38
100 3
100 65
100 33
100 116
100 95
100 93
100 102
100 24
100 91
100 19
100 60
100 32
100 106
100 16
100 66
100 90
100 107
100 70
100 21
100 74
100 19
100 49
100 92
100 87
100 47
100 121
100 23
100 113
100 25
100 68
100 96
100 69
100 47
100 22
100 58
100 65
100 74
100 10
100 74
100 12
100 41
100 87
100 25
100 50
100 66
101 45
101 99
101 23
101 96
101 74
101 126
101 56
101 73
101 23
101 71
101 56
101 3
101 126
101 21
101 23
101 75
101 9
101 110
101 100
101 56
101 22
101 53
101 10
101 58
101 80
101 78
101 42
101 84
101 87
101 2
101 69
101 122
101 106
101 63
101 33
101 79
101 24
101 33
101 101
101 84
101 24
101 105
101 81
101 63
101 44
101 64
101 41
101 30
101 24
101 44
101 99
101 1
101 53
101 32
101 53
101 47
101 14
101 46
101 82
101 108
101 96
102 69
102 86
102 120
102 35
102 24
102 8
102 92
102 21
102 21
102 116
102 92
102 27
102 88
102 57
102 18
102 59
102 111
102 93
102 7
102 58
102 112
102 124
102 107
102 6
102 10
102 43
102 37
102 112
102 92
102 63
102 80
102 28
102 15
102 53
102 111
102 45
102 113
102 15
102 108
102 16
102 63
102 21
102 3
102 18
102 73
102 121
102 89
102 64
102 11
102 8
102 76
102 16
102 121
102 21
102 58
102 50
102 17
102 74
102 88
103 95
103 125
103 120
103 79
103 57
103 113
103 72
103 58
103 90
103 7
103 4
103 12
103 37
103 71
103 117
103 108
103 62
103 40
103 111
103 17
103 126
103 86
103 5
103 39
103 84
103 116
103 120
103 66
103 79
103 5
103 68
103 15
103 121
103 80
103 120
103 80
103 115
103 81
103 5
103 13
103 37
103 102
103 8
103 101
103 39
103 74
103 112
103 126
103 69
103 48
103 88
103 58
103 13
103 15
103 101
103 125
103 107
103 12
103 52
103 79
104 122
104 85
104 42
104 105
104 101
104 45
104 17
104 102
104 7
104 53
104 67
104 48
104 105
104 123
104 16
104 71
104 6
104 16
104 122
104 17
104 101
104 104
104 62
104 79
104 34
104 7
104 81
104 41
104 67
104 2
104 69
104 78
104 99
104 35
104 49
104 103
104 1
104 31
104 4
104 115
104 32
104 26
104 8
104 104
104 122
104 38
104 79
104 56
104 35
104 26
104 51
104 94
104 64
104 127
104 45
104 60
104 48
104 63
104 24
104 11
105 89
105 34
105 8
105 38
105 113
105 12
105 99
105 25
105 10
105 2
105 3
105 103
105 3
105 103
105 79
105 16
105 29
105 88
105 101
105 90
105 57
105 78
105 102
105 20
105 44
105 69
105 63
105 3
105 107
105 4
105 31
105 25
105 9
105 37
105 48
105 89
105 34
105 55
105 112
105 59
105 57
105 87
105 47
105 75
105 123
105 38
105 44
105 36
105 51
105 85
105 33
105 94
105 80
105 1
105 40
105 61
105 79
105 6
105 58
105 121
105 34
106 78
106 1
106 38
106 56
106 46
106 91
106 113
106 71
106 41
106 57
106 110
106 50
106 59
106 23
106 61
106 124
106 84
106 112
106 28
106 74
106 77
106 63
106 69
106 89
106 83
106 58
106 105
106 47
106 50
106 82
106 61
106 22
106 120
106 14
106 104
106 105
106 4
106 54
106 73
106 36
106 88
106 11
106 8
106 127
106 69
106 108
106 83
106 60
106 110
106 78
106 38
106 72
106 22
106 119
106 60
106 119
106 108
106 26
106 28
106 53
107 42
107 1
107 31
107 91
107 111
107 99
107 39
107 123
107 55
107 31
107 89
107 62
107 27
107 106
107 60
107 109
107 27
107 42
107 114
107 71
107 127
107 113
107 60
107 18
107 27
107 43
107 117
107 47
107 4
107 71
107 63
107 66
107 101
107 27
107 86
107 82
107 35
107 65
107 24
107 93
107 127
107 86
107 12
107 79
107 13
107 85
107 42
107 91
107 48
107 63
107 112
107 120
107 127
107 92
107 15
107 25
107 81
107 53
107 42
108 75
108 76
108 80
108 58
108 74
108 121
108 72
108 49
108 55
108 84
108 88
108 25
108 111
108 124
108 2
108 53
108 93
108 46
108 54
108 83
108 82
108 116
108 20
108 78
108 106
108 45
108 127
108 23
108 49
108 111
108 57
108 65
108 83
108 43
108 69
108 3
108 109
108 32
108 123
108 119
108 45
108 101
108 114
108 56
108 55
108 68
108 124
108 12
108 89
108 86
108 92
108 91
108 108
108 77
108 76
108 125
108 87
108 7
108 93
108 35
108 115
109 79
109 42
109 9
109 91
109 85
109 14
109 9
109 40
109 46
109 105
109 123
109 65
109 72
109 23
109 114
109 58
109 25
109 9
109 75
109 17
109 56
109 62
109 104
109 71
109 14
109 76
109 14
109 10
109 96
109 96
109 22
109 78
109 108
109 36
109 98
109 125
109 107
109 12
109 103
109 121
109 67
109 101
109 37
109 101
109 85
109 37
109 57
109 50
109 36
109 13
109 105
109 40
109 52
109 15
109 1
109 96
109 45
109 47
109 22
109 117
109 11
109 47
109 54
109 12
110 113
110 10
110 41
110 80
110 106
110 108
110 112
110 79
110 119
110 8
110 91
110 18
110 17
110 29
110 82
110 101
110 49
110 62
110 95
110 88
110 7
110 82
110 50
110 118
110 39
110 116
110 82
110 70
110 101
110 98
110 121
110 86
110 55
110 69
110 31
110 102
110 105
110 47
110 27
110 54
110 51
110 38
110 27
110 77
110 91
110 66
110 116
110 127
110 71
110 20
110 40
110 59
110 62
110 94
110 39
111 60
111 75
111 54
111 58
111 84
111 63
111 3
111 96
111 30
111 94
111 76
111 58
111 29
111 8
111 9
111 104
111 106
111 110
111 7
111 91
111 69
111 105
111 117
111 97
111 43
111 94
111 65
111 126
111 117
111 67
111 54
111 10
111 94
111 26
111 85
111 49
111 121
111 51
111 47
111 28
111 6
111 38
111 3
111 22
111 6
111 55
111 81
111 10
111 123
111 35
111 38
111 53
111 76
111 11
111 111
111 18
111 80
111 99
111 115
111 35
111 43
112 79
112 10
112 9
112 23
112 69
112 89
112 41
112 58
112 14
112 58
112 13
112 43
112 96
112 73
112 118
112 22
112 28
112 89
112 30
112 16
112 79
112 24
112 32
112 57
112 33
112 120
112 72
112 46
112 70
112 26
112 12
112 125
112 73
112 31
112 31
112 41
112 21
112 122
112 127
112 123
112 81
112 16
112 91
112 8
112 121
112 15
112 14
112 50
112 101
112 76
112 37
112 15
112 102
112 46
112 120
112 8
112 116
112 121
112 100
112 35
112 90
112 77
112 93
113 64
113 12
113 7
113 80
113 47
113 20
113 14
113 92
113 24
113 64
113 42
113 77
113 58
113 74
113 53
113 12
113 9
113 66
113 87
113 14
113 66
113 61
113 70
113 116
113 102
113 95
113 10
113 109
113 78
113 95
113 1
113 16
113 42
113 81
113 124
113 114
113 116
113 116
113 79
113 104
113 100
113 116
113 58
113 43
113 63
113 15
113 72
113 112
113 123
113 12
113 23
113 18
113 19
113 113
113 43
113 73
114 96
114 26
114 82
114 100
114 21
114 84
114 34
114 94
114 91
114 59
114 117
114 126
114 46
114 126
114 106
114 34
114 15
114 86
114 40
114 32
114 9
114 92
114 117
114 43
114 54
114 56
114 48
114 125
114 118
114 94
114 69
114 26
114 114
114 126
114 68
114 23
114 98
114 101
114 108
114 23
114 46
114 31
114 120
114 108
114 32
114 69
114 2
114 15
114 40
114 80
114 117
114 36
114 95
114 64
114 41
114 70
114 59
114 126
114 121
114 80
115 3
115 83
115 62
115 19
115 87
115 110
115 97
115 1
115 31
115 47
115 106
115 107
115 20
115 107
115 117
115 119
115 28
115 122
115 7
115 27
115 76
115 61
115 78
115 62
115 6
115 82
115 49
115 18
115 120
115 118
115 101
115 71
115 31
115 33
115 99
115 77
115 13
115 96
115 126
115 42
115 3
115 114
115 43
115 68
115 96
115 109
115 5
115 69
115 31
115 94
115 115
115 101
115 73
115 60
115 51
115 109
115 13
115 72
115 70
115 89
116 126
116 60
116 102
116 96
116 115
116 58
116 114
116 87
116 45
116 53
116 87
116 58
116 10
116 66
116 8
116 81
116 49
116 47
116 43
116 119
116 102
116 107
116 110
116 27
116 5
116 28
116 21
116 65
116 78
116 87
116 57
116 21
116 33
116 4
116 46
116 40
116 60
116 101
116 39
116 54
116 99
116 9
116 4
116 51
116 99
116 50
116 124
116 126
116 54
116 10
116 95
116 8
116 63
116 85
116 99
116 9
116 42
116 19
116 100
116 97
116 42
116 91
117 95
117 31
117 120
117 111
117 23
117 93
117 106
117 125
117 39
117 79
117 60
117 56
117 101
117 108
117 119
117 107
117 25
117 7
117 103
117 29
117 115
117 31
117 89
117 25
117 29
117 47
117 26
117 73
117 83
117 76
117 64
117 48
117 50
117 108
117 53
117 15
117 67
117 54
117 124
117 82
117 115
117 124
117 97
117 122
117 1
117 85
117 15
117 64
117 65
117 57
117 117
117 117
117 78
117 39
117 28
117 123
117 11
117 106
118 62
118 75
118 17
118 93
118 77
118 92
118 54
118 69
118 88
118 85
118 28
118 110
118 125
118 63
118 115
118 98
118 90
118 84
118 14
118 104
118 59
118 83
118 118
118 121
118 7
118 39
118 12
118 55
118 74
118 37
118 69
118 46
118 96
118 87
118 63
118 9
118 82
118 86
118 108
118 1
118 112
118 90
118 84
118 56
118 72
118 32
118 51
118 52
118 29
118 115
118 13
118 55
118 70
118 50
118 51
118 28
118 90
118 63
118 20
118 12
118 91
119 51
119 95
119 62
119 39
119 59
119 21
119 115
119 37
119 119
119 8
119 23
119 83
119 96
119 63
119 107
119 114
119 19
119 103
119 100
119 40
119 92
119 57
119 83
119 116
119 56
119 59
119 2
119 8
119 109
119 34
119 72
119 106
119 49
119 49
119 59
119 41
119 10
119 84
119 107
119 79
119 77
119 46
119 87
119 89
119 4
119 37
119 20
119 6
119 66
119 103
119 3
119 108
119 96
119 118
119 81
119 5
119 60
119 50
119 103
119 18
119 106
119 71
119 42
120 113
120 46
120 118
120 70
120 126
120 16
120 75
120 48
120 93
120 95
120 64
120 31
120 70
120 118
120 85
120 73
120 69
120 116
120 29
120 21
120 41
120 20
120 49
120 122
120 43
120 69
120 88
120 69
120 88
120 52
120 67
120 14
120 15
120 52
120 56
120 38
120 84
120 1
120 46
120 57
120 31
120 96
120 53
120 67
120 7
120 24
120 28
120 3
120 90
120 14
120 9
120 98
120 61
120 41
120 95
120 75
121 90
121 35
121 103
121 25
121 111
121 2
121 3
121 37
121 80
121 84
121 30
121 105
121 117
121 85
121 34
121 84
121 66
121 78
121 90
121 66
121 49
121 72
121 13
121 87
121 81
121 74
121 121
121 93
121 103
121 29
121 58
121 105
121 118
121 94
121 51
121 34
121 50
121 15
121 115
121 104
121 125
121 3
121 44
121 25
121 29
121 20
121 44
121 15
121 77
121 117
121 115
121 58
121 104
121 31
121 44
121 80
121 88
121 107
121 59
121 58
121 14
122 10
122 40
122 36
122 32
122 99
122 120
122 125
122 9
122 38
122 32
122 80
122 54
122 4
122 110
122 74
122 108
122 127
122 99
122 37
122 69
122 14
122 50
122 100
122 75
122 102
122 56
122 32
122 123
122 47
122 118
122 21
122 13
122 42
122 114
122 11
122 49
122 43
122 76
122 14
122 43
122 42
122 33
122 23
122 126
122 37
122 8
122 26
122 117
122 69
122 85
122 43
122 42
122 46
122 123
122 125
122 32
122 116
122 33
122 40
123 59
123 118
123 21
123 63
123 40
123 48
123 63
123 75
123 108
123 9
123 78
123 81
123 124
123 5
123 110
123 3
123 67
123 31
123 113
123 58
123 98
123 113
123 89
123 63
123 53
123 78
123 59
123 39
123 29
123 99
123 78
123 51
123 53
123 6
123 62
123 104
123 30
123 52
123 13
123 14
123 58
123 3
123 17
123 29
123 24
123 41
123 102
123 97
123 24
123 37
123 126
123 119
123 110
123 34
123 103
123 110
123 32
123 63
123 32
123 36
124 59
124 37
124 6
124 95
124 29
124 127
124 102
124 73
124 40
124 35
124 127
124 19
124 6
124 15
124 34
124 108
124 121
124 6
124 114
124 26
124 113
124 4
124 86
124 80
124 117
124 106
124 30
124 13
124 56
124 13
124 112
124 93
124 75
124 47
124 86
124 111
124 1
124 10
124 104
124 94
124 88
124 95
124 82
124 96
124 87
124 26
124 18
124 1
124 74
124 46
124 32
124 18
124 114
124 92
124 90
124 10
124 23
124 117
124 76
124 35
124 97
124 97
124 66
124 82
125 106
125 45
125 116
125 123
125 108
125 111
125 116
125 61
125 58
125 88
125 52
125 85
125 7
125 82
125 21
125 18
125 78
125 86
125 73
125 18
125 47
125 104
125 1
125 46
125 64
125 125
125 23
125 8
125 42
125 82
125 43
125 100
125 105
125 69
125 36
125 97
125 83
125 95
125 47
125 62
125 111
125 87
125 72
125 98
125 104
125 106
125 17
125 68
125 126
125 92
125 85
125 91
125 127
125 57
125 42
125 82
126 117
126 51
126 1
126 13
126 21
126 19
126 103
126 89
126 31
126 73
126 68
126 42
126 95
126 67
126 27
126 111
126 103
126 76
126 123
126 57
126 116
126 119
126 58
126 23
126 76
126 94
126 74
126 65
126 23
126 59
126 39
126 60
126 95
126 67
126 12
126 98
126 61
126 76
126 25
126 112
126 120
126 107
126 84
126 92
126 58
126 76
126 39
126 105
126 30
126 109
126 8
126 41
126 49
126 99
126 63
126 58
126 64
126 121
126 20
126 94
126 117
126 12
127 29
127 118
127 16
127 5
127 23
127 82
127 89
127 101
127 123
127 71
127 28
127 117
127 17
127 47
127 22
127 65
127 67
127 123
127 18
127 92
127 20
127 10
127 48
127 53
127 50
127 78
127 55
127 28
127 116
127 110
127 111
127 7
127 17