5 47
5 102
5 28
5 40
5 126
5 15
5 85
5 89
5 31
5 65
5 27
5 113
5 75
5 53
5 43
5 120
5 14
5 62
5 101
5 11
5 90
5 37
5 104
5 18
5 61
5 102
5 78
5 69
5 101
5 102
5 89
5 102
5 16
5 42
5 72
5 122
5 100
5 34
5 71
5 94
5 35
5 6
5 26
5 33
5 31
5 72
5 45
5 46
5 114
5 28
5 50
5 11
5 22
5 37
5 13
5 69
5 73
5 72
5 100
5 49
5 10
5 77
5 105
6 54
6 20
6 62
6 81
6 123
6 20
6 9
6 93
6 90
6 97
6 35
6 73
6 19
6 38
6 52
6 36
6 7
6 86
6 7
6 64
6 2
6 45
6 116
6 69
6 114
6 66
6 27
6 72
6 45
6 5
6 21
6 53
6 115
6 17
6 67
6 13
6 75
6 71
6 10
6 12
6 48
6 70
6 2
6 47
6 65
6 3
6 73
6 94
6 103
6 124
6 62
6 120
6 80
6 116
6 89
6 8
6 15
6 81
6 105
7 48
7 10
7 107
7 18
7 102
7 3
7 2
7 44
7 112
7 124
7 78
7 46
7 97
7 74
7 104
7 67
7 16
7 78
7 69
7 32
7 121
7 4
7 90
7 36
7 57
7 109
7 54
7 127
7 98
7 32
7 9
7 38
7 47
7 112
7 58
7 96
7 24
7 98
7 29
7 58
7 8
7 69
7 15
7 79
7 56
7 85
7 22
7 32
7 71
7 15
7 26
7 126
7 118
7 11
7 2
7 125
7 17
7 125
7 45
7 49
7 48
7 26
7 66
8 122
8 82
8 60
8 11
8 24
8 30
8 82
8 30
8 63
8 94
8 8
8 90
8 108
8 9
8 56
8 51
8 8
8 73
8 26
8 124
8 75
8 47
8 68
8 95
8 17
8 19
8 85
8 33
8 12
8 61
8 40
8 42
8 99
8 114
8 60
8 112
8 16
8 8
8 73
8 102
8 118
8 112
8 105
8 57
8 89
8 103
8 69
8 93
8 44
8 112
8 5
8 120
8 114
8 34
8 97
8 66
8 106
9 7
9 121
9 18
9 42
9 67
9 122
9 89
9 63
9 48
9 119
9 81
9 124
9 14
9 94
9 57
9 46
9 70
9 63
9 123
9 63
9 90
9 28
9 36
9 47
9 79
9 36
9 70
9 95
9 109
9 28
9 27
9 6
9 47
9 11
9 38
9 75
9 36
9 49
9 112
9 93
9 88
9 113
9 16
9 21
9 85
9 23
9 122
9 80
9 127
9 48
9 103
9 89
9 109
9 99
9 88
9 99
9 61
9 35
9 9
9 21
10 11
10 21
10 51
10 88
10 15
10 22
10 85
10 91
10 118
10 73
10 37
10 3
10 15
10 96
10 14
10 16
10 96
10 125
10 57
10 53
10 83
10 67
10 67
10 58
10 125
10 39
10 13
10 125
10 97
10 73
10 76
10 108
10 93
10 58
10 115
10 7
10 80
10 31
10 56
10 22
10 76
10 4
10 103
10 3
10 44
10 101
10 83
10 30
10 57
10 36
10 58
10 73
10 123
10 65
10 47
10 102
10 54
10 10
10 6
10 50
11 38
11 38
11 10
11 102
11 90
11 76
11 117
11 67
11 55
11 77
11 124
11 13
11 68
11 35
11 53
11 105
11 2
11 51
11 5
11 13
11 2
11 111
11 67
11 40
11 8
11 96
11 41
11 99
11 22
11 103
11 16
11 74
11 123
11 78
11 105
11 87
11 39
11 58
11 20
11 8
11 61
11 117
11 100
11 122
11 107
11 21
11 72
11 29
11 105
11 53
11 36
11 125
11 72
11 102
11 38
11 110
11 100
11 104
11 114
11 57
11 112
12 28
12 119
12 63
12 91
12 78
12 84
12 35
12 105
12 21
12 73
12 15
12 52
12 48
12 29
12 102
12 82
12 32
12 66
12 7
12 113
12 87
12 24
12 124
12 109
12 38
12 63
12 13
12 53
12 31
12 104
12 28
12 24
12 103
12 118
12 54
12 67
12 97
12 85
12 86
12 89
12 70
12 55
12 8
12 107
12 101
12 118
12 45
12 11
12 48
12 30
12 8
12 119
12 96
12 47
12 32
12 122
12 86
12 7
12 108
13 66
13 13
13 29
13 126
13 52
13 64
13 81
13 47
13 96
13 90
13 104
13 1
13 122
13 63
13 88
13 9
13 101
13 101
13 16
13 125
13 58
13 84
13 38
13 48
13 45
13 74
13 36
13 121
13 57
13 11
13 25
13 119
13 92
13 121
13 118
13 18
13 80
13 74
13 50
13 89
13 32
13 19
13 14
13 90
13 108
13 125
13 102
13 36
13 33
13 19
13 37
13 65
13 24
13 122
13 80
13 57
13 108
13 25
13 125
13 33
14 40
14 35
14 92
14 89
14 79
14 26
14 49
14 6
14 101
14 126
14 16
14 27
14 124
14 12
14 20
14 102
14 83
14 52
14 118
14 50
14 80
14 80
14 88
14 46
14 25
14 121
14 57
14 100
14 22
14 103
14 49
14 74
14 64
14 86
14 67
14 76
14 104
14 20
14 3
14 97
14 124
14 59
14 53
14 53
14 24
14 88
14 57
14 1
14 41
14 47
14 123
14 76
14 78
14 25
14 45
14 96
14 103
14 2
14 78
14 124
14 109
15 94
15 6
15 94
15 76
15 45
15 30
15 21
15 24
15 13
15 13
15 84
15 87
15 76
15 58
15 97
15 53
15 23
15 16
15 58
15 39
15 1
15 66
15 74
15 86
15 91
15 22
15 119
15 91
15 115
15 21
15 9
15 9
15 64
15 73
15 23
15 98
15 25
15 95
15 25
15 87
15 20
15 17
15 111
15 17
15 77
15 46
15 112
15 96
15 124
15 122
15 37
15 25
15 96
15 49
15 102
15 100
15 72
15 71
15 61
15 16
16 41
16 21
16 62
16 118
16 38
16 111
16 116
16 17
16 84
16 87
16 107
16 87
16 81
16 70
16 60
16 1
16 116
16 113
16 106
16 4
16 5
16 56
16 21
16 123
16 103
16 85
16 100
16 6
16 83
16 93
16 33
16 95
16 12
16 28
16 96
16 29
16 93
16 53
16 121
16 126
16 15
16 30
16 34
16 54
16 95
16 82
16 98
16 6
16 3
16 52
16 95
16 99
16 21
16 102
16 77
16 116
16 84
16 110
16 89
16 115
17 7
17 86
17 50
17 42
17 45
17 1
17 88
17 11
17 100
17 122
17 7
17 40
17 113
17 7
17 73
17 15
17 37
17 123
17 109
17 123
17 25
17 22
17 37
17 61
17 90
17 20
17 117
17 50
17 63
17 38
17 86
17 43
17 75
17 51
17 66
17 91
17 74
17 93
17 38
17 78
17 8
17 65
17 55
17 86
17 4
17 56
17 64
17 87
17 42
17 113
17 55
17 109
17 71
17 116
17 50
17 1
17 6
17 82
17 74
17 101
18 68
18 56
18 55
18 29
18 20
18 94
18 43
18 44
18 70
18 52
18 53
18 52
18 101
18 37
18 65
18 105
18 80
18 120
18 5
18 43
18 109
18 76
18 15
18 44
18 124
18 80
18 94
18 94
18 85
18 6
18 78
18 107
18 59
18 80
18 15
18 122
18 88
18 84
18 74
18 98
18 101
18 120
18 34
18 49
18 100
18 46
18 86
18 115
18 77
18 62
18 84
18 11
18 110
18 120
18 114
18 11
18 120
18 18
18 67
18 46
18 82
18 24
18 36
19 11
19 124
19 91
19 116
19 44
19 50
19 29
19 23
19 10
19 4
19 30
19 22
19 110
19 88
19 89
19 86
19 55
19 111
19 81
19 72
19 34
19 115
19 6
19 61
19 37
19 3
19 42
19 91
19 30
19 9
19 1
19 13
19 32
19 69
19 39
19 112
19 28
19 19
19 89
19 95
19 83
19 28
19 32
19 48
19 42
19 2
19 70
19 5
19 126
19 41
19 84
19 110
19 124
19 53
19 8
19 41
19 106
19 10
20 73
20 94
20 8
20 20
20 53
20 55
20 12
20 72
20 98
20 94
20 122
20 82
20 29
20 1
20 77
20 101
20 78
20 124
20 16
20 118
20 40
20 71
20 36
20 111
20 57
20 98
20 47
20 30
20 111
20 41
20 86
20 3
20 33
20 31
20 98
20 85
20 8
20 53
20 84
20 45
20 117
20 2
20 80
20 103
20 10
20 83
20 89
20 95
20 61
20 5
20 105
20 53
20 99
20 59
20 85
20 47
20 117
20 116
20 121
21 96
21 100
21 127
21 126
21 51
21 84
21 49
21 71
21 96
21 48
21 75
21 85
21 71
21 72
21 105
21 32
21 107
21 46
21 46
21 77
21 19
21 3
21 47
21 65
21 99
21 12
21 77
21 4
21 77
21 121
21 2
21 18
21 20
21 62
21 94
21 20
21 81
21 32
21 101
21 37
21 47
21 44
21 89
21 41
21 61
21 55
21 5
21 88
21 47
21 71
21 98
21 85
21 60
21 73
21 9
21 117
21 9
21 14
21 7
22 122
22 108
22 102
22 74
22 44
22 112
22 19
22 4
22 118
22 75
22 36
22 59
22 47
22 6
22 16
22 126
22 72
22 125
22 6
22 96
22 103
22 5
22 19
22 109
22 102
22 106
22 73
22 102
22 55
22 59
22 74
22 79
22 49
22 121
22 121
22 7
22 92
22 6
22 95
22 79
22 74
22 40
22 116
22 38
22 57
22 53
22 6
22 83
22 22
22 81
22 5
22 8
22 109
22 17
22 44
22 49
22 13
22 26
22 30
22 122
23 78
23 37
23 46
23 2
23 95
23 29
23 111
23 118
23 28
23 126
23 64
23 9
23 67
23 94
23 59
23 120
23 87
23 102
23 81
23 48
23 51
23 32
23 97
23 79
23 86
23 50
23 28
23 73
23 48
23 103
23 34
23 45
23 7
23 118
23 36
23 26
23 85
23 94
23 76
23 24
23 112
23 119
23 84
23 19
23 27
23 127
23 57
23 43
23 81
23 35
23 1
23 111
23 102
23 105
23 83
23 16
23 80
23 75
23 96
23 5
23 80
24 22
24 24
24 54
24 54
24 67
24 92
24 9
24 65
24 74
24 77
24 35
24 79
24 1
24 66
24 47
24 48
24 99
24 103
24 78
24 31
24 20
24 53
24 52
24 73
24 100
24 25
24 23
24 50
24 29
24 106
24 58
24 52
24 113
24 14
24 76
24 37
24 58
24 17
24 86
24 37
24 25
24 97
24 88
24 38
24 69
24 11
24 38
24 83
24 115
24 12
24 26
24 100
24 127
24 64
24 74
24 41
24 93
24 20
24 39
25 74
25 83
25 121
25 10
25 49
25 119
25 4
25 48
25 114
25 55
25 31
25 6
25 105
25 51
25 99
25 50
25 122
25 12
25 73
25 49
25 14
25 109
25 99
25 99
25 62
25 112
25 15
25 102
25 62
25 58
25 47
25 39
25 54
25 84
25 18
25 81
25 58
25 107
25 99