5 88
5 45
5 17
5 69
5 37
5 72
5 102
5 117
5 103
5 95
5 29
5 70
5 69
5 103
5 104
5 16
5 124
5 123
5 79
5 44
5 56
5 36
5 36
5 65
5 69
5 22
5 9
5 54
5 44
5 70
5 112
5 34
5 41
5 50
5 18
5 82
5 53
5 34
5 114
5 102
5 25
5 4
5 78
5 115
5 101
5 127
5 39
5 125
5 85
5 16
5 127
5 71
5 105
5 18
5 8
5 101
5 22
5 67
5 66
5 7
5 60
5 42
5 88
6 56
6 83
6 36
6 47
6 104
6 56
6 18
6 97
6 85
6 103
6 18
6 124
6 78
6 61
6 34
6 73
6 34
6 75
6 58
6 36
6 113
6 3
6 24
6 119
6 94
6 6
6 118
6 73
6 108
6 93
6 64
6 108
6 80
6 116
6 119
6 29
6 90
6 103
6 113
6 13
6 69
6 48
6 11
6 100
6 108
6 54
6 4
6 118
6 88
6 2
6 117
6 90
6 101
6 114
6 73
6 1
6 71
6 28
6 100
7 61
7 65
7 13
7 88
7 79
7 23
7 83
7 55
7 45
7 92
7 75
7 103
7 30
7 118
7 22
7 38
7 10
7 75
7 73
7 56
7 103
7 19
7 59
7 124
7 31
7 121
7 113
7 32
7 53
7 35
7 100
7 121
7 73
7 45
7 67
7 95
7 86
7 37
7 37
7 100
7 26
7 44
7 19
7 102
7 123
7 119
7 47
7 6
7 11
7 62
7 116
7 33
7 93
7 14
7 36
7 17
7 21
7 22
7 100
7 43
8 95
8 121
8 89
8 53
8 15
8 52
8 2
8 49
8 76
8 86
8 46
8 63
8 43
8 67
8 103
8 26
8 123
8 66
8 22
8 109
8 11
8 42
8 7
8 42
8 13
8 7
8 55
8 55
8 31
8 23
8 52
8 21
8 7
8 43
8 61
8 6
8 28
8 50
8 81
8 119
8 20
8 7
8 50
8 105
8 64
8 93
8 100
8 64
8 71
8 3
8 32
8 102
8 126
8 36
8 65
8 102
8 73
8 10
8 63
8 52
9 98
9 103
9 112
9 105
9 64
9 2
9 122
9 106
9 81
9 49
9 52
9 111
9 61
9 98
9 75
9 101
9 41
9 23
9 126
9 42
9 43
9 52
9 57
9 109
9 72
9 30
9 91
9 56
9 89
9 115
9 83
9 56
9 21
9 104
9 105
9 5
9 12
9 109
9 16
9 104
9 108
9 103
9 10
9 39
9 72
9 127
9 107
9 35
9 61
9 106
9 58
9 87
9 93
9 121
9 7
9 19
9 22
9 54
9 115
9 23
10 10
10 113
10 125
10 110
10 45
10 67
10 30
10 2
10 118
10 50
10 22
10 71
10 121
10 67
10 94
10 100
10 43
10 78
10 35
10 33
10 110
10 9
10 45
10 3
10 44
10 28
10 13
10 114
10 103
10 48
10 36
10 55
10 117
10 53
10 70
10 77
10 124
10 51
10 76
10 46
10 11
10 113
10 103
10 33
10 125
10 24
10 20
10 56
10 77
10 92
10 114
10 76
10 92
10 49
10 67
10 58
10 41
10 68
10 99
10 101
11 53
11 106
11 77
11 90
11 124
11 31
11 114
11 83
11 115
11 75
11 13
11 54
11 29
11 46
11 119
11 20
11 46
11 19
11 52
11 93
11 86
11 76
11 39
11 13
11 100
11 81
11 66
11 64
11 52
11 98
11 50
11 103
11 64
11 77
11 77
11 90
11 115
11 36
11 16
11 44
11 86
11 33
11 31
11 122
11 56
11 109
11 111
11 111
11 39
11 106
11 8
11 27
11 89
11 91
11 37
11 126
11 35
11 117
11 31
11 102
11 53
11 21
12 24
12 7
12 118
12 94
12 94
12 24
12 32
12 78
12 96
12 50
12 114
12 71
12 121
12 43
12 116
12 70
12 102
12 85
12 68
12 1
12 70
12 40
12 78
12 108
12 28
12 47
12 26
12 81
12 88
12 118
12 64
12 88
12 29
12 52
12 93
12 126
12 37
12 13
12 8
12 27
12 36
12 16
12 44
12 65
12 43
12 34
12 20
12 71
12 92
12 76
12 61
12 80
12 69
12 19
12 23
12 40
12 57
12 61
12 104
13 45
13 17
13 40
13 68
13 22
13 78
13 90
13 87
13 43
13 111
13 70
13 32
13 14
13 84
13 73
13 123
13 39
13 99
13 93
13 75
13 110
13 19
13 109
13 125
13 14
13 80
13 52
13 89
13 69
13 42
13 122
13 36
13 73
13 125
13 29
13 102
13 123
13 66
13 74
13 116
13 81
13 88
13 18
13 120
13 102
13 13
13 97
13 62
13 34
13 100
13 45
13 72
13 82
13 115
13 86
13 37
13 40
13 62
13 91
14 103
14 12
14 75
14 115
14 48
14 56
14 64
14 1
14 69
14 73
14 50
14 104
14 98
14 67
14 94
14 86
14 112
14 96
14 5
14 36
14 99
14 13
14 118
14 87
14 74
14 14
14 71
14 12
14 113
14 83
14 83
14 7
14 32
14 12
14 65
14 115
14 101
14 64
14 47
14 84
14 47
14 118
14 18
14 77
14 16
14 111
14 3
14 54
14 22
14 102
14 73
14 56
14 92
14 94
14 37
14 126
14 105
14 99
14 68
14 22
14 69
14 29
14 98
14 46
14 44
15 82
15 97
15 90
15 86
15 62
15 42
15 87
15 30
15 92
15 51
15 59
15 13
15 92
15 89
15 62
15 51
15 91
15 46
15 71
15 104
15 82
15 40
15 18
15 123
15 116
15 8
15 112
15 44
15 82
15 4
15 106
15 53
15 69
15 47
15 97
15 9
15 39
15 85
15 2
15 89
15 97
15 54
15 2
15 110
15 69
15 35
15 64
15 72
15 124
15 50
15 10
15 113
15 86
15 38
15 123
16 89
16 102
16 81
16 111
16 126
16 27
16 36
16 96
16 48
16 38
16 121
16 40
16 97
16 111
16 117
16 127
16 110
16 79
16 52
16 86
16 85
16 113
16 28
16 91
16 122
16 12
16 32
16 15
16 98
16 122
16 48
16 74
16 123
16 58
16 58
16 95
16 104
16 112
16 22
16 99
16 85
16 93
16 24
16 8
16 17
16 63
16 34
16 37
16 123
16 14
16 7
16 77
16 79
16 101
16 83
16 111
16 119
16 53
16 47
16 115
17 91
17 45
17 81
17 110
17 27
17 102
17 91
17 49
17 24
17 118
17 29
17 113
17 108
17 10
17 56
17 61
17 79
17 125
17 31
17 94
17 114
17 98
17 62
17 106
17 68
17 109
17 48
17 75
17 114
17 73
17 34
17 38
17 1
17 73
17 79
17 121
17 57
17 34
17 62
17 61
17 79
17 61
17 106
17 91
17 17
17 72
17 32
17 50
17 118
17 117
17 21
17 44
17 107
17 44
17 31
17 44
17 106
17 17
17 85
17 50
18 48
18 71
18 3
18 104
18 121
18 12
18 18
18 123
18 48
18 26
18 11
18 24
18 66
18 64
18 41
18 102
18 54
18 88
18 89
18 21
18 13
18 49
18 92
18 62
18 67
18 112
18 93
18 41
18 120
18 26
18 6
18 26
18 46
18 113
18 97
18 38
18 4
18 95
18 121
18 42
18 75
18 50
18 2
18 55
18 1
18 121
18 28
18 29
18 6
18 47
18 54
18 62
18 109
18 24
18 101
18 103
18 23
18 81
18 82
18 92
19 74
19 116
19 51
19 62
19 17
19 125
19 125
19 64
19 33
19 110
19 8
19 55
19 119
19 3
19 52
19 30
19 10
19 94
19 32
19 13
19 21
19 112
19 100
19 36
19 118
19 87
19 21
19 33
19 12
19 89
19 40
19 65
19 96
19 58
19 102
19 94
19 100
19 67
19 38
19 74
19 41
19 66
19 61
19 123
19 61
19 103
19 21
19 56
19 8
19 107
19 120
19 30
19 71
19 50
19 108
19 10
19 56
19 107
19 72
19 85
20 64
20 65
20 125
20 99
20 118
20 57
20 49
20 39
20 85
20 122
20 114
20 118
20 1
20 95
20 119
20 39
20 111
20 61
20 52
20 86
20 117
20 19
20 8
20 16
20 71
20 98
20 48
20 44
20 59
20 30
20 53
20 71
20 70
20 46
20 58
20 86
20 110
20 51
20 24
20 83
20 1
20 91
20 17
20 75
20 5
20 30
20 101
20 91
20 35
20 8
20 101
20 108
20 121
20 90
20 67
20 44
20 121
20 71
20 86
20 111
20 19
21 81
21 48
21 51
21 100
21 5
21 121
21 100
21 101
21 45
21 45
21 6
21 70
21 115
21 89
21 60
21 115
21 94
21 121
21 18
21 31
21 87
21 112
21 18
21 1
21 111
21 21
21 31
21 35
21 55
21 52
21 63
21 126
21 96
21 27
21 114
21 88
21 18
21 96
21 113
21 44
21 28
21 109
21 51
21 66
21 98
21 97
21 47
21 112
21 110
21 21
21 81
21 23
21 107
21 7
21 32
21 33
21 108
21 103
21 12
22 105
22 28
22 31
22 22
22 19
22 62
22 127
22 85
22 29
22 105
22 96
22 60
22 78
22 25
22 89
22 54
22 38
22 39
22 40
22 111
22 20
22 107
22 98
22 113
22 117
22 28
22 81
22 117
22 20
22 116
22 33
22 23
22 34
22 15
22 123
22 30
22 55
22 70
22 98
22 117
22 69
22 24
22 89
22 79
22 65
22 94
22 37
22 64
22 89
22 48
22 84
22 8
22 83
22 54
22 121
22 59
22 8
22 82
22 21
22 103
23 45
23 96
23 8
23 8
23 13
23 44
23 49
23 15
23 5
23 66
23 86
23 23
23 2
23 17
23 37
23 67
23 86
23 64
23 17
23 60
23 125
23 107
23 26
23 94
23 35
23 88
23 7
23 98
23 102
23 3
23 116
23 119
23 103
23 18
23 81
23 98
23 109
23 21
23 98
23 60
23 94
23 119
23 42
23 103
23 3
23 116
23 9
23 31
23 39
23 54
23 44
23 124
23 39
23 3
23 35
23 16
23 42
23 3
23 38
23 63
24 18
24 2
24 94
24 44
24 16
24 38
24 29
24 22
24 75
24 68
24 102
24 55
24 83
24 85
24 19
24 104
24 20
24 95
24 49
24 93
24 93
24 127
24 117
24 92
24 108
24 4
24 21
24 123
24 15
24 75
24 117
24 97
24 19
24 101
24 103
24 118
24 67
24 36
24 126
24 79
24 118
24 69
24 3
24 26
24 97
24 32
24 3
24 122
24 103
24 55
24 63
24 34
24 114
24 9
24 31
24 30
24 23
24 20
24 35
24 89
25 24
25 103
25 114
25 113
25 30
25 81
25 18
25 45
25 119
25 14
25 75
25 108
25 70
25 98
25 91
25 77
25 11
25 55
25 86
25 28
25 16
25 48
25 109
25 31
25 83
25 78
25 87
25 110
25 83
25 91
25 37
25 87
25 104
25 96
25 65
25 53
25 69
25 39
25 75